new,host,ttl,a,soa,status_code,cdn,cdn-name,ns,cname,aaaa,txt,mx,caa
[x],alpha-explorer-api.routerprotocol.com,3600,15.206.195.67,"{'name': 'routerprotocol.com', 'ns': 'ns-1568.awsdns-04.co.uk', 'mailbox': 'awsdns-hostmaster.amazon.com', 'serial': 1, 'refresh': 7200, 'retry': 900, 'expire': 1209600, 'minttl': 86400}, {'name': 'routerprotocol.com', 'ns': 'ns-1568.awsdns-04.co.uk', 'mailbox': 'awsdns-hostmaster.amazon.com', 'serial': 1, 'refresh': 7200, 'retry': 900, 'expire': 1209600, 'minttl': 86400}, {'name': 'routerprotocol.com', 'ns': 'ns-1568.awsdns-04.co.uk', 'mailbox': 'awsdns-hostmaster.amazon.com', 'serial': 1, 'refresh': 7200, 'retry': 900, 'expire': 1209600, 'minttl': 86400}, {'name': 'routerprotocol.com', 'ns': 'ns-1568.awsdns-04.co.uk', 'mailbox': 'awsdns-hostmaster.amazon.com', 'serial': 1, 'refresh': 7200, 'retry': 900, 'expire': 1209600, 'minttl': 86400}, {'name': 'routerprotocol.com', 'ns': 'ns-1568.awsdns-04.co.uk', 'mailbox': 'awsdns-hostmaster.amazon.com', 'serial': 1, 'refresh': 7200, 'retry': 900, 'expire': 1209600, 'minttl': 86400}, {'name': 'routerprotocol.com', 'ns': 'ns-1568.awsdns-04.co.uk', 'mailbox': 'awsdns-hostmaster.amazon.com', 'serial': 1, 'refresh': 7200, 'retry': 900, 'expire': 1209600, 'minttl': 86400}, {'name': 'routerprotocol.com', 'ns': 'ns-1568.awsdns-04.co.uk', 'mailbox': 'awsdns-hostmaster.amazon.com', 'serial': 1, 'refresh': 7200, 'retry': 900, 'expire': 1209600, 'minttl': 86400}",NOERROR,,,,,,,,
[x],alpha-explorer-ui.routerprotocol.com,60,"18.160.18.42, 18.160.18.122, 18.160.18.7, 18.160.18.61","{'name': 'routerprotocol.com', 'ns': 'ns-1568.awsdns-04.co.uk', 'mailbox': 'awsdns-hostmaster.amazon.com', 'serial': 1, 'refresh': 7200, 'retry': 900, 'expire': 1209600, 'minttl': 86400}, {'name': 'routerprotocol.com', 'ns': 'ns-1568.awsdns-04.co.uk', 'mailbox': 'awsdns-hostmaster.amazon.com', 'serial': 1, 'refresh': 7200, 'retry': 900, 'expire': 1209600, 'minttl': 86400}, {'name': 'routerprotocol.com', 'ns': 'ns-1568.awsdns-04.co.uk', 'mailbox': 'awsdns-hostmaster.amazon.com', 'serial': 1, 'refresh': 7200, 'retry': 900, 'expire': 1209600, 'minttl': 86400}, {'name': 'routerprotocol.com', 'ns': 'ns-1568.awsdns-04.co.uk', 'mailbox': 'awsdns-hostmaster.amazon.com', 'serial': 1, 'refresh': 7200, 'retry': 900, 'expire': 1209600, 'minttl': 86400}, {'name': 'routerprotocol.com', 'ns': 'ns-1568.awsdns-04.co.uk', 'mailbox': 'awsdns-hostmaster.amazon.com', 'serial': 1, 'refresh': 7200, 'retry': 900, 'expire': 1209600, 'minttl': 86400}, {'name': 'routerprotocol.com', 'ns': 'ns-1568.awsdns-04.co.uk', 'mailbox': 'awsdns-hostmaster.amazon.com', 'serial': 1, 'refresh': 7200, 'retry': 900, 'expire': 1209600, 'minttl': 86400}, {'name': 'routerprotocol.com', 'ns': 'ns-1568.awsdns-04.co.uk', 'mailbox': 'awsdns-hostmaster.amazon.com', 'serial': 1, 'refresh': 7200, 'retry': 900, 'expire': 1209600, 'minttl': 86400}",NOERROR,True,cloudfront,,,,,,
[x],alpha-faucet-api.routerprotocol.com,3600,3.110.19.140,"{'name': 'routerprotocol.com', 'ns': 'ns-1568.awsdns-04.co.uk', 'mailbox': 'awsdns-hostmaster.amazon.com', 'serial': 1, 'refresh': 7200, 'retry': 900, 'expire': 1209600, 'minttl': 86400}, {'name': 'routerprotocol.com', 'ns': 'ns-1568.awsdns-04.co.uk', 'mailbox': 'awsdns-hostmaster.amazon.com', 'serial': 1, 'refresh': 7200, 'retry': 900, 'expire': 1209600, 'minttl': 86400}, {'name': 'routerprotocol.com', 'ns': 'ns-1568.awsdns-04.co.uk', 'mailbox': 'awsdns-hostmaster.amazon.com', 'serial': 1, 'refresh': 7200, 'retry': 900, 'expire': 1209600, 'minttl': 86400}, {'name': 'routerprotocol.com', 'ns': 'ns-1568.awsdns-04.co.uk', 'mailbox': 'awsdns-hostmaster.amazon.com', 'serial': 1, 'refresh': 7200, 'retry': 900, 'expire': 1209600, 'minttl': 86400}, {'name': 'routerprotocol.com', 'ns': 'ns-1568.awsdns-04.co.uk', 'mailbox': 'awsdns-hostmaster.amazon.com', 'serial': 1, 'refresh': 7200, 'retry': 900, 'expire': 1209600, 'minttl': 86400}",NOERROR,,,,,,,,
[x],alpha-faucet-ui.routerprotocol.com,3600,3.110.19.140,"{'name': 'routerprotocol.com', 'ns': 'ns-1568.awsdns-04.co.uk', 'mailbox': 'awsdns-hostmaster.amazon.com', 'serial': 1, 'refresh': 7200, 'retry': 900, 'expire': 1209600, 'minttl': 86400}, {'name': 'routerprotocol.com', 'ns': 'ns-1568.awsdns-04.co.uk', 'mailbox': 'awsdns-hostmaster.amazon.com', 'serial': 1, 'refresh': 7200, 'retry': 900, 'expire': 1209600, 'minttl': 86400}, {'name': 'routerprotocol.com', 'ns': 'ns-1568.awsdns-04.co.uk', 'mailbox': 'awsdns-hostmaster.amazon.com', 'serial': 1, 'refresh': 7200, 'retry': 900, 'expire': 1209600, 'minttl': 86400}, {'name': 'routerprotocol.com', 'ns': 'ns-1568.awsdns-04.co.uk', 'mailbox': 'awsdns-hostmaster.amazon.com', 'serial': 1, 'refresh': 7200, 'retry': 900, 'expire': 1209600, 'minttl': 86400}, {'name': 'routerprotocol.com', 'ns': 'ns-1568.awsdns-04.co.uk', 'mailbox': 'awsdns-hostmaster.amazon.com', 'serial': 1, 'refresh': 7200, 'retry': 900, 'expire': 1209600, 'minttl': 86400}, {'name': 'routerprotocol.com', 'ns': 'ns-1568.awsdns-04.co.uk', 'mailbox': 'awsdns-hostmaster.amazon.com', 'serial': 1, 'refresh': 7200, 'retry': 900, 'expire': 1209600, 'minttl': 86400}, {'name': 'routerprotocol.com', 'ns': 'ns-1568.awsdns-04.co.uk', 'mailbox': 'awsdns-hostmaster.amazon.com', 'serial': 1, 'refresh': 7200, 'retry': 900, 'expire': 1209600, 'minttl': 86400}",NOERROR,,,,,,,,
[x],alpha-router-station.routerprotocol.com,60,"13.224.189.44, 13.224.189.66, 13.224.189.76, 13.224.189.105","{'name': 'routerprotocol.com', 'ns': 'ns-1568.awsdns-04.co.uk', 'mailbox': 'awsdns-hostmaster.amazon.com', 'serial': 1, 'refresh': 7200, 'retry': 900, 'expire': 1209600, 'minttl': 86400}, {'name': 'routerprotocol.com', 'ns': 'ns-1568.awsdns-04.co.uk', 'mailbox': 'awsdns-hostmaster.amazon.com', 'serial': 1, 'refresh': 7200, 'retry': 900, 'expire': 1209600, 'minttl': 86400}, {'name': 'routerprotocol.com', 'ns': 'ns-1568.awsdns-04.co.uk', 'mailbox': 'awsdns-hostmaster.amazon.com', 'serial': 1, 'refresh': 7200, 'retry': 900, 'expire': 1209600, 'minttl': 86400}, {'name': 'routerprotocol.com', 'ns': 'ns-1568.awsdns-04.co.uk', 'mailbox': 'awsdns-hostmaster.amazon.com', 'serial': 1, 'refresh': 7200, 'retry': 900, 'expire': 1209600, 'minttl': 86400}, {'name': 'routerprotocol.com', 'ns': 'ns-1568.awsdns-04.co.uk', 'mailbox': 'awsdns-hostmaster.amazon.com', 'serial': 1, 'refresh': 7200, 'retry': 900, 'expire': 1209600, 'minttl': 86400}",NOERROR,True,cloudfront,,,,,,
[x],api-beta.forwarder.routerprotocol.com,60,34.144.222.78,"{'name': 'routerprotocol.com', 'ns': 'ns-1568.awsdns-04.co.uk', 'mailbox': 'awsdns-hostmaster.amazon.com', 'serial': 1, 'refresh': 7200, 'retry': 900, 'expire': 1209600, 'minttl': 86400}, {'name': 'routerprotocol.com', 'ns': 'ns-1568.awsdns-04.co.uk', 'mailbox': 'awsdns-hostmaster.amazon.com', 'serial': 1, 'refresh': 7200, 'retry': 900, 'expire': 1209600, 'minttl': 86400}, {'name': 'routerprotocol.com', 'ns': 'ns-1568.awsdns-04.co.uk', 'mailbox': 'awsdns-hostmaster.amazon.com', 'serial': 1, 'refresh': 7200, 'retry': 900, 'expire': 1209600, 'minttl': 86400}, {'name': 'routerprotocol.com', 'ns': 'ns-1568.awsdns-04.co.uk', 'mailbox': 'awsdns-hostmaster.amazon.com', 'serial': 1, 'refresh': 7200, 'retry': 900, 'expire': 1209600, 'minttl': 86400}, {'name': 'routerprotocol.com', 'ns': 'ns-1568.awsdns-04.co.uk', 'mailbox': 'awsdns-hostmaster.amazon.com', 'serial': 1, 'refresh': 7200, 'retry': 900, 'expire': 1209600, 'minttl': 86400}, {'name': 'routerprotocol.com', 'ns': 'ns-1568.awsdns-04.co.uk', 'mailbox': 'awsdns-hostmaster.amazon.com', 'serial': 1, 'refresh': 7200, 'retry': 900, 'expire': 1209600, 'minttl': 86400}",NOERROR,True,google,,,,,,
[x],api-beta.pathfinder.routerprotocol.com,300,34.144.229.167,"{'name': 'routerprotocol.com', 'ns': 'ns-1568.awsdns-04.co.uk', 'mailbox': 'awsdns-hostmaster.amazon.com', 'serial': 1, 'refresh': 7200, 'retry': 900, 'expire': 1209600, 'minttl': 86400}, {'name': 'routerprotocol.com', 'ns': 'ns-1568.awsdns-04.co.uk', 'mailbox': 'awsdns-hostmaster.amazon.com', 'serial': 1, 'refresh': 7200, 'retry': 900, 'expire': 1209600, 'minttl': 86400}, {'name': 'routerprotocol.com', 'ns': 'ns-1568.awsdns-04.co.uk', 'mailbox': 'awsdns-hostmaster.amazon.com', 'serial': 1, 'refresh': 7200, 'retry': 900, 'expire': 1209600, 'minttl': 86400}, {'name': 'routerprotocol.com', 'ns': 'ns-1568.awsdns-04.co.uk', 'mailbox': 'awsdns-hostmaster.amazon.com', 'serial': 1, 'refresh': 7200, 'retry': 900, 'expire': 1209600, 'minttl': 86400}, {'name': 'routerprotocol.com', 'ns': 'ns-1568.awsdns-04.co.uk', 'mailbox': 'awsdns-hostmaster.amazon.com', 'serial': 1, 'refresh': 7200, 'retry': 900, 'expire': 1209600, 'minttl': 86400}, {'name': 'routerprotocol.com', 'ns': 'ns-1568.awsdns-04.co.uk', 'mailbox': 'awsdns-hostmaster.amazon.com', 'serial': 1, 'refresh': 7200, 'retry': 900, 'expire': 1209600, 'minttl': 86400}, {'name': 'routerprotocol.com', 'ns': 'ns-1568.awsdns-04.co.uk', 'mailbox': 'awsdns-hostmaster.amazon.com', 'serial': 1, 'refresh': 7200, 'retry': 900, 'expire': 1209600, 'minttl': 86400}",NOERROR,True,google,,,,,,
[x],api-testnet.routerprotocol.com,300,3.110.141.25,"{'name': 'routerprotocol.com', 'ns': 'ns-1568.awsdns-04.co.uk', 'mailbox': 'awsdns-hostmaster.amazon.com', 'serial': 1, 'refresh': 7200, 'retry': 900, 'expire': 1209600, 'minttl': 86400}, {'name': 'routerprotocol.com', 'ns': 'ns-1568.awsdns-04.co.uk', 'mailbox': 'awsdns-hostmaster.amazon.com', 'serial': 1, 'refresh': 7200, 'retry': 900, 'expire': 1209600, 'minttl': 86400}, {'name': 'routerprotocol.com', 'ns': 'ns-1568.awsdns-04.co.uk', 'mailbox': 'awsdns-hostmaster.amazon.com', 'serial': 1, 'refresh': 7200, 'retry': 900, 'expire': 1209600, 'minttl': 86400}, {'name': 'routerprotocol.com', 'ns': 'ns-1568.awsdns-04.co.uk', 'mailbox': 'awsdns-hostmaster.amazon.com', 'serial': 1, 'refresh': 7200, 'retry': 900, 'expire': 1209600, 'minttl': 86400}, {'name': 'routerprotocol.com', 'ns': 'ns-1568.awsdns-04.co.uk', 'mailbox': 'awsdns-hostmaster.amazon.com', 'serial': 1, 'refresh': 7200, 'retry': 900, 'expire': 1209600, 'minttl': 86400}, {'name': 'routerprotocol.com', 'ns': 'ns-1568.awsdns-04.co.uk', 'mailbox': 'awsdns-hostmaster.amazon.com', 'serial': 1, 'refresh': 7200, 'retry': 900, 'expire': 1209600, 'minttl': 86400}, {'name': 'routerprotocol.com', 'ns': 'ns-1568.awsdns-04.co.uk', 'mailbox': 'awsdns-hostmaster.amazon.com', 'serial': 1, 'refresh': 7200, 'retry': 900, 'expire': 1209600, 'minttl': 86400}",NOERROR,,,,,,,,
[x],api.devnet-course-student.routerprotocol.com,300,15.206.195.67,"{'name': 'routerprotocol.com', 'ns': 'ns-1568.awsdns-04.co.uk', 'mailbox': 'awsdns-hostmaster.amazon.com', 'serial': 1, 'refresh': 7200, 'retry': 900, 'expire': 1209600, 'minttl': 86400}, {'name': 'routerprotocol.com', 'ns': 'ns-1568.awsdns-04.co.uk', 'mailbox': 'awsdns-hostmaster.amazon.com', 'serial': 1, 'refresh': 7200, 'retry': 900, 'expire': 1209600, 'minttl': 86400}, {'name': 'routerprotocol.com', 'ns': 'ns-1568.awsdns-04.co.uk', 'mailbox': 'awsdns-hostmaster.amazon.com', 'serial': 1, 'refresh': 7200, 'retry': 900, 'expire': 1209600, 'minttl': 86400}, {'name': 'routerprotocol.com', 'ns': 'ns-1568.awsdns-04.co.uk', 'mailbox': 'awsdns-hostmaster.amazon.com', 'serial': 1, 'refresh': 7200, 'retry': 900, 'expire': 1209600, 'minttl': 86400}, {'name': 'routerprotocol.com', 'ns': 'ns-1568.awsdns-04.co.uk', 'mailbox': 'awsdns-hostmaster.amazon.com', 'serial': 1, 'refresh': 7200, 'retry': 900, 'expire': 1209600, 'minttl': 86400}",NOERROR,,,,,,,,
[x],api.forwarder.testnet.routerprotocol.com,300,15.206.195.67,"{'name': 'routerprotocol.com', 'ns': 'ns-1568.awsdns-04.co.uk', 'mailbox': 'awsdns-hostmaster.amazon.com', 'serial': 1, 'refresh': 7200, 'retry': 900, 'expire': 1209600, 'minttl': 86400}, {'name': 'routerprotocol.com', 'ns': 'ns-1568.awsdns-04.co.uk', 'mailbox': 'awsdns-hostmaster.amazon.com', 'serial': 1, 'refresh': 7200, 'retry': 900, 'expire': 1209600, 'minttl': 86400}, {'name': 'routerprotocol.com', 'ns': 'ns-1568.awsdns-04.co.uk', 'mailbox': 'awsdns-hostmaster.amazon.com', 'serial': 1, 'refresh': 7200, 'retry': 900, 'expire': 1209600, 'minttl': 86400}, {'name': 'routerprotocol.com', 'ns': 'ns-1568.awsdns-04.co.uk', 'mailbox': 'awsdns-hostmaster.amazon.com', 'serial': 1, 'refresh': 7200, 'retry': 900, 'expire': 1209600, 'minttl': 86400}, {'name': 'routerprotocol.com', 'ns': 'ns-1568.awsdns-04.co.uk', 'mailbox': 'awsdns-hostmaster.amazon.com', 'serial': 1, 'refresh': 7200, 'retry': 900, 'expire': 1209600, 'minttl': 86400}",NOERROR,,,,,,,,
[x],api.iswap-explorer-testnet.routerprotocol.com,300,15.206.195.67,"{'name': 'routerprotocol.com', 'ns': 'ns-1568.awsdns-04.co.uk', 'mailbox': 'awsdns-hostmaster.amazon.com', 'serial': 1, 'refresh': 7200, 'retry': 900, 'expire': 1209600, 'minttl': 86400}, {'name': 'routerprotocol.com', 'ns': 'ns-1568.awsdns-04.co.uk', 'mailbox': 'awsdns-hostmaster.amazon.com', 'serial': 1, 'refresh': 7200, 'retry': 900, 'expire': 1209600, 'minttl': 86400}, {'name': 'routerprotocol.com', 'ns': 'ns-1568.awsdns-04.co.uk', 'mailbox': 'awsdns-hostmaster.amazon.com', 'serial': 1, 'refresh': 7200, 'retry': 900, 'expire': 1209600, 'minttl': 86400}, {'name': 'routerprotocol.com', 'ns': 'ns-1568.awsdns-04.co.uk', 'mailbox': 'awsdns-hostmaster.amazon.com', 'serial': 1, 'refresh': 7200, 'retry': 900, 'expire': 1209600, 'minttl': 86400}, {'name': 'routerprotocol.com', 'ns': 'ns-1568.awsdns-04.co.uk', 'mailbox': 'awsdns-hostmaster.amazon.com', 'serial': 1, 'refresh': 7200, 'retry': 900, 'expire': 1209600, 'minttl': 86400}, {'name': 'routerprotocol.com', 'ns': 'ns-1568.awsdns-04.co.uk', 'mailbox': 'awsdns-hostmaster.amazon.com', 'serial': 1, 'refresh': 7200, 'retry': 900, 'expire': 1209600, 'minttl': 86400}",NOERROR,,,,,,,,
[x],api.liquidity-reserves.routerprotocol.com,286,54.254.57.121,"{'name': 'routerprotocol.com', 'ns': 'ns-1568.awsdns-04.co.uk', 'mailbox': 'awsdns-hostmaster.amazon.com', 'serial': 1, 'refresh': 7200, 'retry': 900, 'expire': 1209600, 'minttl': 86400}, {'name': 'routerprotocol.com', 'ns': 'ns-1568.awsdns-04.co.uk', 'mailbox': 'awsdns-hostmaster.amazon.com', 'serial': 1, 'refresh': 7200, 'retry': 900, 'expire': 1209600, 'minttl': 86400}, {'name': 'routerprotocol.com', 'ns': 'ns-1568.awsdns-04.co.uk', 'mailbox': 'awsdns-hostmaster.amazon.com', 'serial': 1, 'refresh': 7200, 'retry': 900, 'expire': 1209600, 'minttl': 86400}, {'name': 'routerprotocol.com', 'ns': 'ns-1568.awsdns-04.co.uk', 'mailbox': 'awsdns-hostmaster.amazon.com', 'serial': 1, 'refresh': 7200, 'retry': 900, 'expire': 1209600, 'minttl': 86400}",NOERROR,,,,,,,,
[x],api.nitro-explorer.routerprotocol.com,255,35.190.76.5,"{'name': 'routerprotocol.com', 'ns': 'ns-1568.awsdns-04.co.uk', 'mailbox': 'awsdns-hostmaster.amazon.com', 'serial': 1, 'refresh': 7200, 'retry': 900, 'expire': 1209600, 'minttl': 86400}, {'name': 'routerprotocol.com', 'ns': 'ns-1568.awsdns-04.co.uk', 'mailbox': 'awsdns-hostmaster.amazon.com', 'serial': 1, 'refresh': 7200, 'retry': 900, 'expire': 1209600, 'minttl': 86400}, {'name': 'routerprotocol.com', 'ns': 'ns-1568.awsdns-04.co.uk', 'mailbox': 'awsdns-hostmaster.amazon.com', 'serial': 1, 'refresh': 7200, 'retry': 900, 'expire': 1209600, 'minttl': 86400}, {'name': 'routerprotocol.com', 'ns': 'ns-1568.awsdns-04.co.uk', 'mailbox': 'awsdns-hostmaster.amazon.com', 'serial': 1, 'refresh': 7200, 'retry': 900, 'expire': 1209600, 'minttl': 86400}, {'name': 'routerprotocol.com', 'ns': 'ns-1568.awsdns-04.co.uk', 'mailbox': 'awsdns-hostmaster.amazon.com', 'serial': 1, 'refresh': 7200, 'retry': 900, 'expire': 1209600, 'minttl': 86400}, {'name': 'routerprotocol.com', 'ns': 'ns-1568.awsdns-04.co.uk', 'mailbox': 'awsdns-hostmaster.amazon.com', 'serial': 1, 'refresh': 7200, 'retry': 900, 'expire': 1209600, 'minttl': 86400}",NOERROR,True,google,,,,,,
[x],api.nitro.testnet.routerprotocol.com,300,15.206.195.67,"{'name': 'routerprotocol.com', 'ns': 'ns-1568.awsdns-04.co.uk', 'mailbox': 'awsdns-hostmaster.amazon.com', 'serial': 1, 'refresh': 7200, 'retry': 900, 'expire': 1209600, 'minttl': 86400}, {'name': 'routerprotocol.com', 'ns': 'ns-1568.awsdns-04.co.uk', 'mailbox': 'awsdns-hostmaster.amazon.com', 'serial': 1, 'refresh': 7200, 'retry': 900, 'expire': 1209600, 'minttl': 86400}, {'name': 'routerprotocol.com', 'ns': 'ns-1568.awsdns-04.co.uk', 'mailbox': 'awsdns-hostmaster.amazon.com', 'serial': 1, 'refresh': 7200, 'retry': 900, 'expire': 1209600, 'minttl': 86400}, {'name': 'routerprotocol.com', 'ns': 'ns-1568.awsdns-04.co.uk', 'mailbox': 'awsdns-hostmaster.amazon.com', 'serial': 1, 'refresh': 7200, 'retry': 900, 'expire': 1209600, 'minttl': 86400}, {'name': 'routerprotocol.com', 'ns': 'ns-1568.awsdns-04.co.uk', 'mailbox': 'awsdns-hostmaster.amazon.com', 'serial': 1, 'refresh': 7200, 'retry': 900, 'expire': 1209600, 'minttl': 86400}",NOERROR,,,"ns-1132.awsdns-13.org, ns-1568.awsdns-04.co.uk, ns-58.awsdns-07.com, ns-933.awsdns-52.net",,,,,
[x],api.pathfinder.routerprotocol.com,60,"54.179.176.110, 18.139.131.199","{'name': 'routerprotocol.com', 'ns': 'ns-1568.awsdns-04.co.uk', 'mailbox': 'awsdns-hostmaster.amazon.com', 'serial': 1, 'refresh': 7200, 'retry': 900, 'expire': 1209600, 'minttl': 86400}, {'name': 'routerprotocol.com', 'ns': 'ns-1568.awsdns-04.co.uk', 'mailbox': 'awsdns-hostmaster.amazon.com', 'serial': 1, 'refresh': 7200, 'retry': 900, 'expire': 1209600, 'minttl': 86400}, {'name': 'routerprotocol.com', 'ns': 'ns-1568.awsdns-04.co.uk', 'mailbox': 'awsdns-hostmaster.amazon.com', 'serial': 1, 'refresh': 7200, 'retry': 900, 'expire': 1209600, 'minttl': 86400}, {'name': 'routerprotocol.com', 'ns': 'ns-1568.awsdns-04.co.uk', 'mailbox': 'awsdns-hostmaster.amazon.com', 'serial': 1, 'refresh': 7200, 'retry': 900, 'expire': 1209600, 'minttl': 86400}, {'name': 'routerprotocol.com', 'ns': 'ns-1568.awsdns-04.co.uk', 'mailbox': 'awsdns-hostmaster.amazon.com', 'serial': 1, 'refresh': 7200, 'retry': 900, 'expire': 1209600, 'minttl': 86400}, {'name': 'routerprotocol.com', 'ns': 'ns-1568.awsdns-04.co.uk', 'mailbox': 'awsdns-hostmaster.amazon.com', 'serial': 1, 'refresh': 7200, 'retry': 900, 'expire': 1209600, 'minttl': 86400}, {'name': 'routerprotocol.com', 'ns': 'ns-1568.awsdns-04.co.uk', 'mailbox': 'awsdns-hostmaster.amazon.com', 'serial': 1, 'refresh': 7200, 'retry': 900, 'expire': 1209600, 'minttl': 86400}",NOERROR,,,"ns-1132.awsdns-13.org, ns-1568.awsdns-04.co.uk, ns-58.awsdns-07.com, ns-933.awsdns-52.net",,,,,
[x],api.pf.testnet.routerprotocol.com,300,15.206.195.67,"{'name': 'routerprotocol.com', 'ns': 'ns-1568.awsdns-04.co.uk', 'mailbox': 'awsdns-hostmaster.amazon.com', 'serial': 1, 'refresh': 7200, 'retry': 900, 'expire': 1209600, 'minttl': 86400}, {'name': 'routerprotocol.com', 'ns': 'ns-1568.awsdns-04.co.uk', 'mailbox': 'awsdns-hostmaster.amazon.com', 'serial': 1, 'refresh': 7200, 'retry': 900, 'expire': 1209600, 'minttl': 86400}, {'name': 'routerprotocol.com', 'ns': 'ns-1568.awsdns-04.co.uk', 'mailbox': 'awsdns-hostmaster.amazon.com', 'serial': 1, 'refresh': 7200, 'retry': 900, 'expire': 1209600, 'minttl': 86400}, {'name': 'routerprotocol.com', 'ns': 'ns-1568.awsdns-04.co.uk', 'mailbox': 'awsdns-hostmaster.amazon.com', 'serial': 1, 'refresh': 7200, 'retry': 900, 'expire': 1209600, 'minttl': 86400}, {'name': 'routerprotocol.com', 'ns': 'ns-1568.awsdns-04.co.uk', 'mailbox': 'awsdns-hostmaster.amazon.com', 'serial': 1, 'refresh': 7200, 'retry': 900, 'expire': 1209600, 'minttl': 86400}, {'name': 'routerprotocol.com', 'ns': 'ns-1568.awsdns-04.co.uk', 'mailbox': 'awsdns-hostmaster.amazon.com', 'serial': 1, 'refresh': 7200, 'retry': 900, 'expire': 1209600, 'minttl': 86400}",NOERROR,,,,,,,,
[x],api.poap-nft.routerprotocol.com,300,15.206.195.67,"{'name': 'routerprotocol.com', 'ns': 'ns-1568.awsdns-04.co.uk', 'mailbox': 'awsdns-hostmaster.amazon.com', 'serial': 1, 'refresh': 7200, 'retry': 900, 'expire': 1209600, 'minttl': 86400}, {'name': 'routerprotocol.com', 'ns': 'ns-1568.awsdns-04.co.uk', 'mailbox': 'awsdns-hostmaster.amazon.com', 'serial': 1, 'refresh': 7200, 'retry': 900, 'expire': 1209600, 'minttl': 86400}, {'name': 'routerprotocol.com', 'ns': 'ns-1568.awsdns-04.co.uk', 'mailbox': 'awsdns-hostmaster.amazon.com', 'serial': 1, 'refresh': 7200, 'retry': 900, 'expire': 1209600, 'minttl': 86400}, {'name': 'routerprotocol.com', 'ns': 'ns-1568.awsdns-04.co.uk', 'mailbox': 'awsdns-hostmaster.amazon.com', 'serial': 1, 'refresh': 7200, 'retry': 900, 'expire': 1209600, 'minttl': 86400}, {'name': 'routerprotocol.com', 'ns': 'ns-1568.awsdns-04.co.uk', 'mailbox': 'awsdns-hostmaster.amazon.com', 'serial': 1, 'refresh': 7200, 'retry': 900, 'expire': 1209600, 'minttl': 86400}",NOERROR,,,,,,,,
[x],api.rebalancing.routerprotocol.com,3600,54.254.57.121,"{'name': 'routerprotocol.com', 'ns': 'ns-1568.awsdns-04.co.uk', 'mailbox': 'awsdns-hostmaster.amazon.com', 'serial': 1, 'refresh': 7200, 'retry': 900, 'expire': 1209600, 'minttl': 86400}, {'name': 'routerprotocol.com', 'ns': 'ns-1568.awsdns-04.co.uk', 'mailbox': 'awsdns-hostmaster.amazon.com', 'serial': 1, 'refresh': 7200, 'retry': 900, 'expire': 1209600, 'minttl': 86400}, {'name': 'routerprotocol.com', 'ns': 'ns-1568.awsdns-04.co.uk', 'mailbox': 'awsdns-hostmaster.amazon.com', 'serial': 1, 'refresh': 7200, 'retry': 900, 'expire': 1209600, 'minttl': 86400}, {'name': 'routerprotocol.com', 'ns': 'ns-1568.awsdns-04.co.uk', 'mailbox': 'awsdns-hostmaster.amazon.com', 'serial': 1, 'refresh': 7200, 'retry': 900, 'expire': 1209600, 'minttl': 86400}, {'name': 'routerprotocol.com', 'ns': 'ns-1568.awsdns-04.co.uk', 'mailbox': 'awsdns-hostmaster.amazon.com', 'serial': 1, 'refresh': 7200, 'retry': 900, 'expire': 1209600, 'minttl': 86400}, {'name': 'routerprotocol.com', 'ns': 'ns-1568.awsdns-04.co.uk', 'mailbox': 'awsdns-hostmaster.amazon.com', 'serial': 1, 'refresh': 7200, 'retry': 900, 'expire': 1209600, 'minttl': 86400}, {'name': 'routerprotocol.com', 'ns': 'ns-1568.awsdns-04.co.uk', 'mailbox': 'awsdns-hostmaster.amazon.com', 'serial': 1, 'refresh': 7200, 'retry': 900, 'expire': 1209600, 'minttl': 86400}",NOERROR,,,"ns-1132.awsdns-13.org, ns-1568.awsdns-04.co.uk, ns-58.awsdns-07.com, ns-933.awsdns-52.net",,,,,
[x],api.router.intent.testnet.routerprotocol.com,896,,"{'name': 'routerprotocol.com', 'ns': 'ns-1568.awsdns-04.co.uk', 'mailbox': 'awsdns-hostmaster.amazon.com', 'serial': 1, 'refresh': 7200, 'retry': 900, 'expire': 1209600, 'minttl': 86400}, {'name': 'routerprotocol.com', 'ns': 'ns-1568.awsdns-04.co.uk', 'mailbox': 'awsdns-hostmaster.amazon.com', 'serial': 1, 'refresh': 7200, 'retry': 900, 'expire': 1209600, 'minttl': 86400}, {'name': 'routerprotocol.com', 'ns': 'ns-1568.awsdns-04.co.uk', 'mailbox': 'awsdns-hostmaster.amazon.com', 'serial': 1, 'refresh': 7200, 'retry': 900, 'expire': 1209600, 'minttl': 86400}, {'name': 'routerprotocol.com', 'ns': 'ns-1568.awsdns-04.co.uk', 'mailbox': 'awsdns-hostmaster.amazon.com', 'serial': 1, 'refresh': 7200, 'retry': 900, 'expire': 1209600, 'minttl': 86400}, {'name': 'routerprotocol.com', 'ns': 'ns-1568.awsdns-04.co.uk', 'mailbox': 'awsdns-hostmaster.amazon.com', 'serial': 1, 'refresh': 7200, 'retry': 900, 'expire': 1209600, 'minttl': 86400}, {'name': 'routerprotocol.com', 'ns': 'ns-1568.awsdns-04.co.uk', 'mailbox': 'awsdns-hostmaster.amazon.com', 'serial': 1, 'refresh': 7200, 'retry': 900, 'expire': 1209600, 'minttl': 86400}",NOERROR,,,,,,,,
[x],api.routerprotocol.com,300,54.255.18.35,"{'name': 'routerprotocol.com', 'ns': 'ns-1568.awsdns-04.co.uk', 'mailbox': 'awsdns-hostmaster.amazon.com', 'serial': 1, 'refresh': 7200, 'retry': 900, 'expire': 1209600, 'minttl': 86400}, {'name': 'routerprotocol.com', 'ns': 'ns-1568.awsdns-04.co.uk', 'mailbox': 'awsdns-hostmaster.amazon.com', 'serial': 1, 'refresh': 7200, 'retry': 900, 'expire': 1209600, 'minttl': 86400}, {'name': 'routerprotocol.com', 'ns': 'ns-1568.awsdns-04.co.uk', 'mailbox': 'awsdns-hostmaster.amazon.com', 'serial': 1, 'refresh': 7200, 'retry': 900, 'expire': 1209600, 'minttl': 86400}, {'name': 'routerprotocol.com', 'ns': 'ns-1568.awsdns-04.co.uk', 'mailbox': 'awsdns-hostmaster.amazon.com', 'serial': 1, 'refresh': 7200, 'retry': 900, 'expire': 1209600, 'minttl': 86400}, {'name': 'routerprotocol.com', 'ns': 'ns-1568.awsdns-04.co.uk', 'mailbox': 'awsdns-hostmaster.amazon.com', 'serial': 1, 'refresh': 7200, 'retry': 900, 'expire': 1209600, 'minttl': 86400}, {'name': 'routerprotocol.com', 'ns': 'ns-1568.awsdns-04.co.uk', 'mailbox': 'awsdns-hostmaster.amazon.com', 'serial': 1, 'refresh': 7200, 'retry': 900, 'expire': 1209600, 'minttl': 86400}",NOERROR,,,,,,,,
[x],api.stats.routerprotocol.com,60,"18.139.131.199, 54.179.176.110","{'name': 'routerprotocol.com', 'ns': 'ns-1568.awsdns-04.co.uk', 'mailbox': 'awsdns-hostmaster.amazon.com', 'serial': 1, 'refresh': 7200, 'retry': 900, 'expire': 1209600, 'minttl': 86400}, {'name': 'routerprotocol.com', 'ns': 'ns-1568.awsdns-04.co.uk', 'mailbox': 'awsdns-hostmaster.amazon.com', 'serial': 1, 'refresh': 7200, 'retry': 900, 'expire': 1209600, 'minttl': 86400}, {'name': 'routerprotocol.com', 'ns': 'ns-1568.awsdns-04.co.uk', 'mailbox': 'awsdns-hostmaster.amazon.com', 'serial': 1, 'refresh': 7200, 'retry': 900, 'expire': 1209600, 'minttl': 86400}, {'name': 'routerprotocol.com', 'ns': 'ns-1568.awsdns-04.co.uk', 'mailbox': 'awsdns-hostmaster.amazon.com', 'serial': 1, 'refresh': 7200, 'retry': 900, 'expire': 1209600, 'minttl': 86400}, {'name': 'routerprotocol.com', 'ns': 'ns-1568.awsdns-04.co.uk', 'mailbox': 'awsdns-hostmaster.amazon.com', 'serial': 1, 'refresh': 7200, 'retry': 900, 'expire': 1209600, 'minttl': 86400}",NOERROR,,,,,,,,
[x],api.trading-competition.routerprotocol.com,300,54.254.57.121,"{'name': 'routerprotocol.com', 'ns': 'ns-1568.awsdns-04.co.uk', 'mailbox': 'awsdns-hostmaster.amazon.com', 'serial': 1, 'refresh': 7200, 'retry': 900, 'expire': 1209600, 'minttl': 86400}, {'name': 'routerprotocol.com', 'ns': 'ns-1568.awsdns-04.co.uk', 'mailbox': 'awsdns-hostmaster.amazon.com', 'serial': 1, 'refresh': 7200, 'retry': 900, 'expire': 1209600, 'minttl': 86400}, {'name': 'routerprotocol.com', 'ns': 'ns-1568.awsdns-04.co.uk', 'mailbox': 'awsdns-hostmaster.amazon.com', 'serial': 1, 'refresh': 7200, 'retry': 900, 'expire': 1209600, 'minttl': 86400}, {'name': 'routerprotocol.com', 'ns': 'ns-1568.awsdns-04.co.uk', 'mailbox': 'awsdns-hostmaster.amazon.com', 'serial': 1, 'refresh': 7200, 'retry': 900, 'expire': 1209600, 'minttl': 86400}",NOERROR,,,,,,,,
[x],api.trustless-voyager.alpha.routerprotocol.com,216,,"{'name': 'routerprotocol.com', 'ns': 'ns-1568.awsdns-04.co.uk', 'mailbox': 'awsdns-hostmaster.amazon.com', 'serial': 1, 'refresh': 7200, 'retry': 900, 'expire': 1209600, 'minttl': 86400}, {'name': 'routerprotocol.com', 'ns': 'ns-1568.awsdns-04.co.uk', 'mailbox': 'awsdns-hostmaster.amazon.com', 'serial': 1, 'refresh': 7200, 'retry': 900, 'expire': 1209600, 'minttl': 86400}, {'name': 'routerprotocol.com', 'ns': 'ns-1568.awsdns-04.co.uk', 'mailbox': 'awsdns-hostmaster.amazon.com', 'serial': 1, 'refresh': 7200, 'retry': 900, 'expire': 1209600, 'minttl': 86400}",NOERROR,,,,,,,,
[x],api.voyager-explorer.routerprotocol.com,900,,"{'name': 'routerprotocol.com', 'ns': 'ns-1568.awsdns-04.co.uk', 'mailbox': 'awsdns-hostmaster.amazon.com', 'serial': 1, 'refresh': 7200, 'retry': 900, 'expire': 1209600, 'minttl': 86400}, {'name': 'routerprotocol.com', 'ns': 'ns-1568.awsdns-04.co.uk', 'mailbox': 'awsdns-hostmaster.amazon.com', 'serial': 1, 'refresh': 7200, 'retry': 900, 'expire': 1209600, 'minttl': 86400}, {'name': 'routerprotocol.com', 'ns': 'ns-1568.awsdns-04.co.uk', 'mailbox': 'awsdns-hostmaster.amazon.com', 'serial': 1, 'refresh': 7200, 'retry': 900, 'expire': 1209600, 'minttl': 86400}, {'name': 'routerprotocol.com', 'ns': 'ns-1568.awsdns-04.co.uk', 'mailbox': 'awsdns-hostmaster.amazon.com', 'serial': 1, 'refresh': 7200, 'retry': 900, 'expire': 1209600, 'minttl': 86400}, {'name': 'routerprotocol.com', 'ns': 'ns-1568.awsdns-04.co.uk', 'mailbox': 'awsdns-hostmaster.amazon.com', 'serial': 1, 'refresh': 7200, 'retry': 900, 'expire': 1209600, 'minttl': 86400}, {'name': 'routerprotocol.com', 'ns': 'ns-1568.awsdns-04.co.uk', 'mailbox': 'awsdns-hostmaster.amazon.com', 'serial': 1, 'refresh': 7200, 'retry': 900, 'expire': 1209600, 'minttl': 86400}",NOERROR,,,,,,,,
[x],app.routerprotocol.com,180,"13.32.99.104, 13.32.99.34, 13.32.99.11, 13.32.99.59","{'name': 'routerprotocol.com', 'ns': 'ns-1568.awsdns-04.co.uk', 'mailbox': 'awsdns-hostmaster.amazon.com', 'serial': 1, 'refresh': 7200, 'retry': 900, 'expire': 1209600, 'minttl': 86400}, {'name': 'routerprotocol.com', 'ns': 'ns-1568.awsdns-04.co.uk', 'mailbox': 'awsdns-hostmaster.amazon.com', 'serial': 1, 'refresh': 7200, 'retry': 900, 'expire': 1209600, 'minttl': 86400}, {'name': 'routerprotocol.com', 'ns': 'ns-1568.awsdns-04.co.uk', 'mailbox': 'awsdns-hostmaster.amazon.com', 'serial': 1, 'refresh': 7200, 'retry': 900, 'expire': 1209600, 'minttl': 86400}, {'name': 'routerprotocol.com', 'ns': 'ns-1568.awsdns-04.co.uk', 'mailbox': 'awsdns-hostmaster.amazon.com', 'serial': 1, 'refresh': 7200, 'retry': 900, 'expire': 1209600, 'minttl': 86400}, {'name': 'routerprotocol.com', 'ns': 'ns-1568.awsdns-04.co.uk', 'mailbox': 'awsdns-hostmaster.amazon.com', 'serial': 1, 'refresh': 7200, 'retry': 900, 'expire': 1209600, 'minttl': 86400}",NOERROR,True,cloudfront,,,,,,
[x],blog.routerprotocol.com,60,"52.223.52.2, 35.71.142.77","{'name': 'framer.app', 'ns': 'ns-1371.awsdns-43.org', 'mailbox': 'awsdns-hostmaster.amazon.com', 'serial': 1, 'refresh': 7200, 'retry': 900, 'expire': 1209600, 'minttl': 86400}, {'name': 'framer.app', 'ns': 'ns-1371.awsdns-43.org', 'mailbox': 'awsdns-hostmaster.amazon.com', 'serial': 1, 'refresh': 7200, 'retry': 900, 'expire': 1209600, 'minttl': 86400}, {'name': 'framer.app', 'ns': 'ns-1371.awsdns-43.org', 'mailbox': 'awsdns-hostmaster.amazon.com', 'serial': 1, 'refresh': 7200, 'retry': 900, 'expire': 1209600, 'minttl': 86400}, {'name': 'framer.app', 'ns': 'ns-1371.awsdns-43.org', 'mailbox': 'awsdns-hostmaster.amazon.com', 'serial': 1, 'refresh': 7200, 'retry': 900, 'expire': 1209600, 'minttl': 86400}, {'name': 'framer.app', 'ns': 'ns-1371.awsdns-43.org', 'mailbox': 'awsdns-hostmaster.amazon.com', 'serial': 1, 'refresh': 7200, 'retry': 900, 'expire': 1209600, 'minttl': 86400}",NOERROR,,,,sites.framer.app,,,,
[x],dc-aa8e722993._spfm.routerprotocol.com,900,,"{'name': 'routerprotocol.com', 'ns': 'ns-1568.awsdns-04.co.uk', 'mailbox': 'awsdns-hostmaster.amazon.com', 'serial': 1, 'refresh': 7200, 'retry': 900, 'expire': 1209600, 'minttl': 86400}, {'name': 'routerprotocol.com', 'ns': 'ns-1568.awsdns-04.co.uk', 'mailbox': 'awsdns-hostmaster.amazon.com', 'serial': 1, 'refresh': 7200, 'retry': 900, 'expire': 1209600, 'minttl': 86400}, {'name': 'routerprotocol.com', 'ns': 'ns-1568.awsdns-04.co.uk', 'mailbox': 'awsdns-hostmaster.amazon.com', 'serial': 1, 'refresh': 7200, 'retry': 900, 'expire': 1209600, 'minttl': 86400}, {'name': 'routerprotocol.com', 'ns': 'ns-1568.awsdns-04.co.uk', 'mailbox': 'awsdns-hostmaster.amazon.com', 'serial': 1, 'refresh': 7200, 'retry': 900, 'expire': 1209600, 'minttl': 86400}, {'name': 'routerprotocol.com', 'ns': 'ns-1568.awsdns-04.co.uk', 'mailbox': 'awsdns-hostmaster.amazon.com', 'serial': 1, 'refresh': 7200, 'retry': 900, 'expire': 1209600, 'minttl': 86400}, {'name': 'routerprotocol.com', 'ns': 'ns-1568.awsdns-04.co.uk', 'mailbox': 'awsdns-hostmaster.amazon.com', 'serial': 1, 'refresh': 7200, 'retry': 900, 'expire': 1209600, 'minttl': 86400}, {'name': 'routerprotocol.com', 'ns': 'ns-1568.awsdns-04.co.uk', 'mailbox': 'awsdns-hostmaster.amazon.com', 'serial': 1, 'refresh': 7200, 'retry': 900, 'expire': 1209600, 'minttl': 86400}",NOERROR,,,,,,v=spf1 include:_spf.google.com ~all,,
[x],dev.routerprotocol.com,60,"108.156.22.118, 108.156.22.26, 108.156.22.56, 108.156.22.113","{'name': 'routerprotocol.com', 'ns': 'ns-1568.awsdns-04.co.uk', 'mailbox': 'awsdns-hostmaster.amazon.com', 'serial': 1, 'refresh': 7200, 'retry': 900, 'expire': 1209600, 'minttl': 86400}, {'name': 'routerprotocol.com', 'ns': 'ns-1568.awsdns-04.co.uk', 'mailbox': 'awsdns-hostmaster.amazon.com', 'serial': 1, 'refresh': 7200, 'retry': 900, 'expire': 1209600, 'minttl': 86400}, {'name': 'routerprotocol.com', 'ns': 'ns-1568.awsdns-04.co.uk', 'mailbox': 'awsdns-hostmaster.amazon.com', 'serial': 1, 'refresh': 7200, 'retry': 900, 'expire': 1209600, 'minttl': 86400}, {'name': 'routerprotocol.com', 'ns': 'ns-1568.awsdns-04.co.uk', 'mailbox': 'awsdns-hostmaster.amazon.com', 'serial': 1, 'refresh': 7200, 'retry': 900, 'expire': 1209600, 'minttl': 86400}, {'name': 'routerprotocol.com', 'ns': 'ns-1568.awsdns-04.co.uk', 'mailbox': 'awsdns-hostmaster.amazon.com', 'serial': 1, 'refresh': 7200, 'retry': 900, 'expire': 1209600, 'minttl': 86400}, {'name': 'routerprotocol.com', 'ns': 'ns-1568.awsdns-04.co.uk', 'mailbox': 'awsdns-hostmaster.amazon.com', 'serial': 1, 'refresh': 7200, 'retry': 900, 'expire': 1209600, 'minttl': 86400}",NOERROR,True,cloudfront,,,,,,
[x],devnet-alpha.evm.rpc.routerprotocol.com,231,,"{'name': 'routerprotocol.com', 'ns': 'ns-1568.awsdns-04.co.uk', 'mailbox': 'awsdns-hostmaster.amazon.com', 'serial': 1, 'refresh': 7200, 'retry': 900, 'expire': 1209600, 'minttl': 86400}, {'name': 'routerprotocol.com', 'ns': 'ns-1568.awsdns-04.co.uk', 'mailbox': 'awsdns-hostmaster.amazon.com', 'serial': 1, 'refresh': 7200, 'retry': 900, 'expire': 1209600, 'minttl': 86400}, {'name': 'routerprotocol.com', 'ns': 'ns-1568.awsdns-04.co.uk', 'mailbox': 'awsdns-hostmaster.amazon.com', 'serial': 1, 'refresh': 7200, 'retry': 900, 'expire': 1209600, 'minttl': 86400}, {'name': 'routerprotocol.com', 'ns': 'ns-1568.awsdns-04.co.uk', 'mailbox': 'awsdns-hostmaster.amazon.com', 'serial': 1, 'refresh': 7200, 'retry': 900, 'expire': 1209600, 'minttl': 86400}, {'name': 'routerprotocol.com', 'ns': 'ns-1568.awsdns-04.co.uk', 'mailbox': 'awsdns-hostmaster.amazon.com', 'serial': 1, 'refresh': 7200, 'retry': 900, 'expire': 1209600, 'minttl': 86400}, {'name': 'routerprotocol.com', 'ns': 'ns-1568.awsdns-04.co.uk', 'mailbox': 'awsdns-hostmaster.amazon.com', 'serial': 1, 'refresh': 7200, 'retry': 900, 'expire': 1209600, 'minttl': 86400}",NOERROR,,,,,,,,
[x],devnet-alpha.grpc.routerprotocol.com,3600,3.7.30.69,"{'name': 'routerprotocol.com', 'ns': 'ns-1568.awsdns-04.co.uk', 'mailbox': 'awsdns-hostmaster.amazon.com', 'serial': 1, 'refresh': 7200, 'retry': 900, 'expire': 1209600, 'minttl': 86400}, {'name': 'routerprotocol.com', 'ns': 'ns-1568.awsdns-04.co.uk', 'mailbox': 'awsdns-hostmaster.amazon.com', 'serial': 1, 'refresh': 7200, 'retry': 900, 'expire': 1209600, 'minttl': 86400}, {'name': 'routerprotocol.com', 'ns': 'ns-1568.awsdns-04.co.uk', 'mailbox': 'awsdns-hostmaster.amazon.com', 'serial': 1, 'refresh': 7200, 'retry': 900, 'expire': 1209600, 'minttl': 86400}, {'name': 'routerprotocol.com', 'ns': 'ns-1568.awsdns-04.co.uk', 'mailbox': 'awsdns-hostmaster.amazon.com', 'serial': 1, 'refresh': 7200, 'retry': 900, 'expire': 1209600, 'minttl': 86400}, {'name': 'routerprotocol.com', 'ns': 'ns-1568.awsdns-04.co.uk', 'mailbox': 'awsdns-hostmaster.amazon.com', 'serial': 1, 'refresh': 7200, 'retry': 900, 'expire': 1209600, 'minttl': 86400}, {'name': 'routerprotocol.com', 'ns': 'ns-1568.awsdns-04.co.uk', 'mailbox': 'awsdns-hostmaster.amazon.com', 'serial': 1, 'refresh': 7200, 'retry': 900, 'expire': 1209600, 'minttl': 86400}",NOERROR,,,,,,,,
[x],devnet-alpha.grpcweb.routerprotocol.com,3600,3.7.30.69,"{'name': 'routerprotocol.com', 'ns': 'ns-1568.awsdns-04.co.uk', 'mailbox': 'awsdns-hostmaster.amazon.com', 'serial': 1, 'refresh': 7200, 'retry': 900, 'expire': 1209600, 'minttl': 86400}, {'name': 'routerprotocol.com', 'ns': 'ns-1568.awsdns-04.co.uk', 'mailbox': 'awsdns-hostmaster.amazon.com', 'serial': 1, 'refresh': 7200, 'retry': 900, 'expire': 1209600, 'minttl': 86400}, {'name': 'routerprotocol.com', 'ns': 'ns-1568.awsdns-04.co.uk', 'mailbox': 'awsdns-hostmaster.amazon.com', 'serial': 1, 'refresh': 7200, 'retry': 900, 'expire': 1209600, 'minttl': 86400}, {'name': 'routerprotocol.com', 'ns': 'ns-1568.awsdns-04.co.uk', 'mailbox': 'awsdns-hostmaster.amazon.com', 'serial': 1, 'refresh': 7200, 'retry': 900, 'expire': 1209600, 'minttl': 86400}, {'name': 'routerprotocol.com', 'ns': 'ns-1568.awsdns-04.co.uk', 'mailbox': 'awsdns-hostmaster.amazon.com', 'serial': 1, 'refresh': 7200, 'retry': 900, 'expire': 1209600, 'minttl': 86400}, {'name': 'routerprotocol.com', 'ns': 'ns-1568.awsdns-04.co.uk', 'mailbox': 'awsdns-hostmaster.amazon.com', 'serial': 1, 'refresh': 7200, 'retry': 900, 'expire': 1209600, 'minttl': 86400}",NOERROR,,,,,,,,
[x],devnet-alpha.lcd.routerprotocol.com,3600,3.7.30.69,"{'name': 'routerprotocol.com', 'ns': 'ns-1568.awsdns-04.co.uk', 'mailbox': 'awsdns-hostmaster.amazon.com', 'serial': 1, 'refresh': 7200, 'retry': 900, 'expire': 1209600, 'minttl': 86400}, {'name': 'routerprotocol.com', 'ns': 'ns-1568.awsdns-04.co.uk', 'mailbox': 'awsdns-hostmaster.amazon.com', 'serial': 1, 'refresh': 7200, 'retry': 900, 'expire': 1209600, 'minttl': 86400}, {'name': 'routerprotocol.com', 'ns': 'ns-1568.awsdns-04.co.uk', 'mailbox': 'awsdns-hostmaster.amazon.com', 'serial': 1, 'refresh': 7200, 'retry': 900, 'expire': 1209600, 'minttl': 86400}",NOERROR,,,,,,,,
[x],devnet-alpha.routerprotocol.com,3600,3.7.30.69,"{'name': 'routerprotocol.com', 'ns': 'ns-1568.awsdns-04.co.uk', 'mailbox': 'awsdns-hostmaster.amazon.com', 'serial': 1, 'refresh': 7200, 'retry': 900, 'expire': 1209600, 'minttl': 86400}, {'name': 'routerprotocol.com', 'ns': 'ns-1568.awsdns-04.co.uk', 'mailbox': 'awsdns-hostmaster.amazon.com', 'serial': 1, 'refresh': 7200, 'retry': 900, 'expire': 1209600, 'minttl': 86400}, {'name': 'routerprotocol.com', 'ns': 'ns-1568.awsdns-04.co.uk', 'mailbox': 'awsdns-hostmaster.amazon.com', 'serial': 1, 'refresh': 7200, 'retry': 900, 'expire': 1209600, 'minttl': 86400}, {'name': 'routerprotocol.com', 'ns': 'ns-1568.awsdns-04.co.uk', 'mailbox': 'awsdns-hostmaster.amazon.com', 'serial': 1, 'refresh': 7200, 'retry': 900, 'expire': 1209600, 'minttl': 86400}, {'name': 'routerprotocol.com', 'ns': 'ns-1568.awsdns-04.co.uk', 'mailbox': 'awsdns-hostmaster.amazon.com', 'serial': 1, 'refresh': 7200, 'retry': 900, 'expire': 1209600, 'minttl': 86400}, {'name': 'routerprotocol.com', 'ns': 'ns-1568.awsdns-04.co.uk', 'mailbox': 'awsdns-hostmaster.amazon.com', 'serial': 1, 'refresh': 7200, 'retry': 900, 'expire': 1209600, 'minttl': 86400}",NOERROR,,,,,,,,
[x],devnet-alpha.tm.routerprotocol.com,3600,3.7.30.69,"{'name': 'routerprotocol.com', 'ns': 'ns-1568.awsdns-04.co.uk', 'mailbox': 'awsdns-hostmaster.amazon.com', 'serial': 1, 'refresh': 7200, 'retry': 900, 'expire': 1209600, 'minttl': 86400}, {'name': 'routerprotocol.com', 'ns': 'ns-1568.awsdns-04.co.uk', 'mailbox': 'awsdns-hostmaster.amazon.com', 'serial': 1, 'refresh': 7200, 'retry': 900, 'expire': 1209600, 'minttl': 86400}, {'name': 'routerprotocol.com', 'ns': 'ns-1568.awsdns-04.co.uk', 'mailbox': 'awsdns-hostmaster.amazon.com', 'serial': 1, 'refresh': 7200, 'retry': 900, 'expire': 1209600, 'minttl': 86400}, {'name': 'routerprotocol.com', 'ns': 'ns-1568.awsdns-04.co.uk', 'mailbox': 'awsdns-hostmaster.amazon.com', 'serial': 1, 'refresh': 7200, 'retry': 900, 'expire': 1209600, 'minttl': 86400}, {'name': 'routerprotocol.com', 'ns': 'ns-1568.awsdns-04.co.uk', 'mailbox': 'awsdns-hostmaster.amazon.com', 'serial': 1, 'refresh': 7200, 'retry': 900, 'expire': 1209600, 'minttl': 86400}, {'name': 'routerprotocol.com', 'ns': 'ns-1568.awsdns-04.co.uk', 'mailbox': 'awsdns-hostmaster.amazon.com', 'serial': 1, 'refresh': 7200, 'retry': 900, 'expire': 1209600, 'minttl': 86400}",NOERROR,,,,,,,,
[x],devnet-docs.routerprotocol.com,60,"13.32.145.64, 13.32.145.54, 13.32.145.119, 13.32.145.6","{'name': 'routerprotocol.com', 'ns': 'ns-1568.awsdns-04.co.uk', 'mailbox': 'awsdns-hostmaster.amazon.com', 'serial': 1, 'refresh': 7200, 'retry': 900, 'expire': 1209600, 'minttl': 86400}, {'name': 'routerprotocol.com', 'ns': 'ns-1568.awsdns-04.co.uk', 'mailbox': 'awsdns-hostmaster.amazon.com', 'serial': 1, 'refresh': 7200, 'retry': 900, 'expire': 1209600, 'minttl': 86400}, {'name': 'routerprotocol.com', 'ns': 'ns-1568.awsdns-04.co.uk', 'mailbox': 'awsdns-hostmaster.amazon.com', 'serial': 1, 'refresh': 7200, 'retry': 900, 'expire': 1209600, 'minttl': 86400}, {'name': 'routerprotocol.com', 'ns': 'ns-1568.awsdns-04.co.uk', 'mailbox': 'awsdns-hostmaster.amazon.com', 'serial': 1, 'refresh': 7200, 'retry': 900, 'expire': 1209600, 'minttl': 86400}, {'name': 'routerprotocol.com', 'ns': 'ns-1568.awsdns-04.co.uk', 'mailbox': 'awsdns-hostmaster.amazon.com', 'serial': 1, 'refresh': 7200, 'retry': 900, 'expire': 1209600, 'minttl': 86400}, {'name': 'routerprotocol.com', 'ns': 'ns-1568.awsdns-04.co.uk', 'mailbox': 'awsdns-hostmaster.amazon.com', 'serial': 1, 'refresh': 7200, 'retry': 900, 'expire': 1209600, 'minttl': 86400}, {'name': 'routerprotocol.com', 'ns': 'ns-1568.awsdns-04.co.uk', 'mailbox': 'awsdns-hostmaster.amazon.com', 'serial': 1, 'refresh': 7200, 'retry': 900, 'expire': 1209600, 'minttl': 86400}",NOERROR,True,cloudfront,,,,,,
[x],devnet-explorer-api.routerprotocol.com,3600,65.2.121.160,"{'name': 'routerprotocol.com', 'ns': 'ns-1568.awsdns-04.co.uk', 'mailbox': 'awsdns-hostmaster.amazon.com', 'serial': 1, 'refresh': 7200, 'retry': 900, 'expire': 1209600, 'minttl': 86400}, {'name': 'routerprotocol.com', 'ns': 'ns-1568.awsdns-04.co.uk', 'mailbox': 'awsdns-hostmaster.amazon.com', 'serial': 1, 'refresh': 7200, 'retry': 900, 'expire': 1209600, 'minttl': 86400}, {'name': 'routerprotocol.com', 'ns': 'ns-1568.awsdns-04.co.uk', 'mailbox': 'awsdns-hostmaster.amazon.com', 'serial': 1, 'refresh': 7200, 'retry': 900, 'expire': 1209600, 'minttl': 86400}, {'name': 'routerprotocol.com', 'ns': 'ns-1568.awsdns-04.co.uk', 'mailbox': 'awsdns-hostmaster.amazon.com', 'serial': 1, 'refresh': 7200, 'retry': 900, 'expire': 1209600, 'minttl': 86400}",NOERROR,,,,,,,,
[x],devnet-explorer.routerprotocol.com,500,,"{'name': 'cloudfront.net', 'ns': 'ns-418.awsdns-52.com', 'mailbox': 'hostmaster.cloudfront.net', 'serial': 1377556270, 'refresh': 16384, 'retry': 2048, 'expire': 1048576, 'minttl': 60}, {'name': 'cloudfront.net', 'ns': 'ns-418.awsdns-52.com', 'mailbox': 'hostmaster.cloudfront.net', 'serial': 1377556270, 'refresh': 16384, 'retry': 2048, 'expire': 1048576, 'minttl': 60}, {'name': 'cloudfront.net', 'ns': 'ns-418.awsdns-52.com', 'mailbox': 'hostmaster.cloudfront.net', 'serial': 1377556270, 'refresh': 16384, 'retry': 2048, 'expire': 1048576, 'minttl': 60}, {'name': 'cloudfront.net', 'ns': 'ns-418.awsdns-52.com', 'mailbox': 'hostmaster.cloudfront.net', 'serial': 1377556270, 'refresh': 16384, 'retry': 2048, 'expire': 1048576, 'minttl': 60}, {'name': 'cloudfront.net', 'ns': 'ns-418.awsdns-52.com', 'mailbox': 'hostmaster.cloudfront.net', 'serial': 1377556270, 'refresh': 16384, 'retry': 2048, 'expire': 1048576, 'minttl': 60}, {'name': 'cloudfront.net', 'ns': 'ns-418.awsdns-52.com', 'mailbox': 'hostmaster.cloudfront.net', 'serial': 1377556270, 'refresh': 16384, 'retry': 2048, 'expire': 1048576, 'minttl': 60}, {'name': 'cloudfront.net', 'ns': 'ns-418.awsdns-52.com', 'mailbox': 'hostmaster.cloudfront.net', 'serial': 1377556270, 'refresh': 16384, 'retry': 2048, 'expire': 1048576, 'minttl': 60}",NOERROR,,,,d26ywb2y4l5uhp.cloudfront.net,,,,
[x],devnet-faucet-api.routerprotocol.com,220,,"{'name': 'routerprotocol.com', 'ns': 'ns-1568.awsdns-04.co.uk', 'mailbox': 'awsdns-hostmaster.amazon.com', 'serial': 1, 'refresh': 7200, 'retry': 900, 'expire': 1209600, 'minttl': 86400}, {'name': 'routerprotocol.com', 'ns': 'ns-1568.awsdns-04.co.uk', 'mailbox': 'awsdns-hostmaster.amazon.com', 'serial': 1, 'refresh': 7200, 'retry': 900, 'expire': 1209600, 'minttl': 86400}, {'name': 'routerprotocol.com', 'ns': 'ns-1568.awsdns-04.co.uk', 'mailbox': 'awsdns-hostmaster.amazon.com', 'serial': 1, 'refresh': 7200, 'retry': 900, 'expire': 1209600, 'minttl': 86400}, {'name': 'routerprotocol.com', 'ns': 'ns-1568.awsdns-04.co.uk', 'mailbox': 'awsdns-hostmaster.amazon.com', 'serial': 1, 'refresh': 7200, 'retry': 900, 'expire': 1209600, 'minttl': 86400}, {'name': 'routerprotocol.com', 'ns': 'ns-1568.awsdns-04.co.uk', 'mailbox': 'awsdns-hostmaster.amazon.com', 'serial': 1, 'refresh': 7200, 'retry': 900, 'expire': 1209600, 'minttl': 86400}, {'name': 'routerprotocol.com', 'ns': 'ns-1568.awsdns-04.co.uk', 'mailbox': 'awsdns-hostmaster.amazon.com', 'serial': 1, 'refresh': 7200, 'retry': 900, 'expire': 1209600, 'minttl': 86400}",NOERROR,,,,,,,,
[x],devnet-faucet.routerprotocol.com,46,"18.245.143.76, 18.245.143.36, 18.245.143.51, 18.245.143.2","{'name': 'routerprotocol.com', 'ns': 'ns-1568.awsdns-04.co.uk', 'mailbox': 'awsdns-hostmaster.amazon.com', 'serial': 1, 'refresh': 7200, 'retry': 900, 'expire': 1209600, 'minttl': 86400}, {'name': 'routerprotocol.com', 'ns': 'ns-1568.awsdns-04.co.uk', 'mailbox': 'awsdns-hostmaster.amazon.com', 'serial': 1, 'refresh': 7200, 'retry': 900, 'expire': 1209600, 'minttl': 86400}, {'name': 'routerprotocol.com', 'ns': 'ns-1568.awsdns-04.co.uk', 'mailbox': 'awsdns-hostmaster.amazon.com', 'serial': 1, 'refresh': 7200, 'retry': 900, 'expire': 1209600, 'minttl': 86400}, {'name': 'routerprotocol.com', 'ns': 'ns-1568.awsdns-04.co.uk', 'mailbox': 'awsdns-hostmaster.amazon.com', 'serial': 1, 'refresh': 7200, 'retry': 900, 'expire': 1209600, 'minttl': 86400}, {'name': 'routerprotocol.com', 'ns': 'ns-1568.awsdns-04.co.uk', 'mailbox': 'awsdns-hostmaster.amazon.com', 'serial': 1, 'refresh': 7200, 'retry': 900, 'expire': 1209600, 'minttl': 86400}, {'name': 'routerprotocol.com', 'ns': 'ns-1568.awsdns-04.co.uk', 'mailbox': 'awsdns-hostmaster.amazon.com', 'serial': 1, 'refresh': 7200, 'retry': 900, 'expire': 1209600, 'minttl': 86400}",NOERROR,True,cloudfront,,,,,,
[x],devnet-hub.routerprotocol.com,900,,"{'name': 'routerprotocol.com', 'ns': 'ns-1568.awsdns-04.co.uk', 'mailbox': 'awsdns-hostmaster.amazon.com', 'serial': 1, 'refresh': 7200, 'retry': 900, 'expire': 1209600, 'minttl': 86400}, {'name': 'routerprotocol.com', 'ns': 'ns-1568.awsdns-04.co.uk', 'mailbox': 'awsdns-hostmaster.amazon.com', 'serial': 1, 'refresh': 7200, 'retry': 900, 'expire': 1209600, 'minttl': 86400}, {'name': 'routerprotocol.com', 'ns': 'ns-1568.awsdns-04.co.uk', 'mailbox': 'awsdns-hostmaster.amazon.com', 'serial': 1, 'refresh': 7200, 'retry': 900, 'expire': 1209600, 'minttl': 86400}, {'name': 'routerprotocol.com', 'ns': 'ns-1568.awsdns-04.co.uk', 'mailbox': 'awsdns-hostmaster.amazon.com', 'serial': 1, 'refresh': 7200, 'retry': 900, 'expire': 1209600, 'minttl': 86400}, {'name': 'routerprotocol.com', 'ns': 'ns-1568.awsdns-04.co.uk', 'mailbox': 'awsdns-hostmaster.amazon.com', 'serial': 1, 'refresh': 7200, 'retry': 900, 'expire': 1209600, 'minttl': 86400}, {'name': 'routerprotocol.com', 'ns': 'ns-1568.awsdns-04.co.uk', 'mailbox': 'awsdns-hostmaster.amazon.com', 'serial': 1, 'refresh': 7200, 'retry': 900, 'expire': 1209600, 'minttl': 86400}, {'name': 'routerprotocol.com', 'ns': 'ns-1568.awsdns-04.co.uk', 'mailbox': 'awsdns-hostmaster.amazon.com', 'serial': 1, 'refresh': 7200, 'retry': 900, 'expire': 1209600, 'minttl': 86400}",NOERROR,,,,,,,,
[x],devnet-jenkins.routerprotocol.com,180,34.27.53.81,"{'name': 'routerprotocol.com', 'ns': 'ns-1568.awsdns-04.co.uk', 'mailbox': 'awsdns-hostmaster.amazon.com', 'serial': 1, 'refresh': 7200, 'retry': 900, 'expire': 1209600, 'minttl': 86400}, {'name': 'routerprotocol.com', 'ns': 'ns-1568.awsdns-04.co.uk', 'mailbox': 'awsdns-hostmaster.amazon.com', 'serial': 1, 'refresh': 7200, 'retry': 900, 'expire': 1209600, 'minttl': 86400}, {'name': 'routerprotocol.com', 'ns': 'ns-1568.awsdns-04.co.uk', 'mailbox': 'awsdns-hostmaster.amazon.com', 'serial': 1, 'refresh': 7200, 'retry': 900, 'expire': 1209600, 'minttl': 86400}, {'name': 'routerprotocol.com', 'ns': 'ns-1568.awsdns-04.co.uk', 'mailbox': 'awsdns-hostmaster.amazon.com', 'serial': 1, 'refresh': 7200, 'retry': 900, 'expire': 1209600, 'minttl': 86400}, {'name': 'routerprotocol.com', 'ns': 'ns-1568.awsdns-04.co.uk', 'mailbox': 'awsdns-hostmaster.amazon.com', 'serial': 1, 'refresh': 7200, 'retry': 900, 'expire': 1209600, 'minttl': 86400}, {'name': 'routerprotocol.com', 'ns': 'ns-1568.awsdns-04.co.uk', 'mailbox': 'awsdns-hostmaster.amazon.com', 'serial': 1, 'refresh': 7200, 'retry': 900, 'expire': 1209600, 'minttl': 86400}, {'name': 'routerprotocol.com', 'ns': 'ns-1568.awsdns-04.co.uk', 'mailbox': 'awsdns-hostmaster.amazon.com', 'serial': 1, 'refresh': 7200, 'retry': 900, 'expire': 1209600, 'minttl': 86400}",NOERROR,True,google,,,,,,
[x],devnet-k8dashboard.routerprotocol.com,300,13.233.104.184,"{'name': 'routerprotocol.com', 'ns': 'ns-1568.awsdns-04.co.uk', 'mailbox': 'awsdns-hostmaster.amazon.com', 'serial': 1, 'refresh': 7200, 'retry': 900, 'expire': 1209600, 'minttl': 86400}, {'name': 'routerprotocol.com', 'ns': 'ns-1568.awsdns-04.co.uk', 'mailbox': 'awsdns-hostmaster.amazon.com', 'serial': 1, 'refresh': 7200, 'retry': 900, 'expire': 1209600, 'minttl': 86400}, {'name': 'routerprotocol.com', 'ns': 'ns-1568.awsdns-04.co.uk', 'mailbox': 'awsdns-hostmaster.amazon.com', 'serial': 1, 'refresh': 7200, 'retry': 900, 'expire': 1209600, 'minttl': 86400}, {'name': 'routerprotocol.com', 'ns': 'ns-1568.awsdns-04.co.uk', 'mailbox': 'awsdns-hostmaster.amazon.com', 'serial': 1, 'refresh': 7200, 'retry': 900, 'expire': 1209600, 'minttl': 86400}, {'name': 'routerprotocol.com', 'ns': 'ns-1568.awsdns-04.co.uk', 'mailbox': 'awsdns-hostmaster.amazon.com', 'serial': 1, 'refresh': 7200, 'retry': 900, 'expire': 1209600, 'minttl': 86400}, {'name': 'routerprotocol.com', 'ns': 'ns-1568.awsdns-04.co.uk', 'mailbox': 'awsdns-hostmaster.amazon.com', 'serial': 1, 'refresh': 7200, 'retry': 900, 'expire': 1209600, 'minttl': 86400}",NOERROR,,,,,,,,
[x],devnet-metrics.routerprotocol.com,300,13.233.104.184,"{'name': 'routerprotocol.com', 'ns': 'ns-1568.awsdns-04.co.uk', 'mailbox': 'awsdns-hostmaster.amazon.com', 'serial': 1, 'refresh': 7200, 'retry': 900, 'expire': 1209600, 'minttl': 86400}, {'name': 'routerprotocol.com', 'ns': 'ns-1568.awsdns-04.co.uk', 'mailbox': 'awsdns-hostmaster.amazon.com', 'serial': 1, 'refresh': 7200, 'retry': 900, 'expire': 1209600, 'minttl': 86400}, {'name': 'routerprotocol.com', 'ns': 'ns-1568.awsdns-04.co.uk', 'mailbox': 'awsdns-hostmaster.amazon.com', 'serial': 1, 'refresh': 7200, 'retry': 900, 'expire': 1209600, 'minttl': 86400}, {'name': 'routerprotocol.com', 'ns': 'ns-1568.awsdns-04.co.uk', 'mailbox': 'awsdns-hostmaster.amazon.com', 'serial': 1, 'refresh': 7200, 'retry': 900, 'expire': 1209600, 'minttl': 86400}, {'name': 'routerprotocol.com', 'ns': 'ns-1568.awsdns-04.co.uk', 'mailbox': 'awsdns-hostmaster.amazon.com', 'serial': 1, 'refresh': 7200, 'retry': 900, 'expire': 1209600, 'minttl': 86400}",NOERROR,,,,,,,,
[x],devnet-router-station.routerprotocol.com,60,"52.222.236.32, 52.222.236.7, 52.222.236.17, 52.222.236.24","{'name': 'routerprotocol.com', 'ns': 'ns-1568.awsdns-04.co.uk', 'mailbox': 'awsdns-hostmaster.amazon.com', 'serial': 1, 'refresh': 7200, 'retry': 900, 'expire': 1209600, 'minttl': 86400}, {'name': 'routerprotocol.com', 'ns': 'ns-1568.awsdns-04.co.uk', 'mailbox': 'awsdns-hostmaster.amazon.com', 'serial': 1, 'refresh': 7200, 'retry': 900, 'expire': 1209600, 'minttl': 86400}, {'name': 'routerprotocol.com', 'ns': 'ns-1568.awsdns-04.co.uk', 'mailbox': 'awsdns-hostmaster.amazon.com', 'serial': 1, 'refresh': 7200, 'retry': 900, 'expire': 1209600, 'minttl': 86400}, {'name': 'routerprotocol.com', 'ns': 'ns-1568.awsdns-04.co.uk', 'mailbox': 'awsdns-hostmaster.amazon.com', 'serial': 1, 'refresh': 7200, 'retry': 900, 'expire': 1209600, 'minttl': 86400}, {'name': 'routerprotocol.com', 'ns': 'ns-1568.awsdns-04.co.uk', 'mailbox': 'awsdns-hostmaster.amazon.com', 'serial': 1, 'refresh': 7200, 'retry': 900, 'expire': 1209600, 'minttl': 86400}",NOERROR,True,cloudfront,,,,,,
[x],devnet.evm.rpc.routerprotocol.com,3600,43.205.118.141,"{'name': 'routerprotocol.com', 'ns': 'ns-1568.awsdns-04.co.uk', 'mailbox': 'awsdns-hostmaster.amazon.com', 'serial': 1, 'refresh': 7200, 'retry': 900, 'expire': 1209600, 'minttl': 86400}, {'name': 'routerprotocol.com', 'ns': 'ns-1568.awsdns-04.co.uk', 'mailbox': 'awsdns-hostmaster.amazon.com', 'serial': 1, 'refresh': 7200, 'retry': 900, 'expire': 1209600, 'minttl': 86400}, {'name': 'routerprotocol.com', 'ns': 'ns-1568.awsdns-04.co.uk', 'mailbox': 'awsdns-hostmaster.amazon.com', 'serial': 1, 'refresh': 7200, 'retry': 900, 'expire': 1209600, 'minttl': 86400}, {'name': 'routerprotocol.com', 'ns': 'ns-1568.awsdns-04.co.uk', 'mailbox': 'awsdns-hostmaster.amazon.com', 'serial': 1, 'refresh': 7200, 'retry': 900, 'expire': 1209600, 'minttl': 86400}, {'name': 'routerprotocol.com', 'ns': 'ns-1568.awsdns-04.co.uk', 'mailbox': 'awsdns-hostmaster.amazon.com', 'serial': 1, 'refresh': 7200, 'retry': 900, 'expire': 1209600, 'minttl': 86400}, {'name': 'routerprotocol.com', 'ns': 'ns-1568.awsdns-04.co.uk', 'mailbox': 'awsdns-hostmaster.amazon.com', 'serial': 1, 'refresh': 7200, 'retry': 900, 'expire': 1209600, 'minttl': 86400}",NOERROR,,,,,,,,
[x],devnet.grpc.routerprotocol.com,3600,43.205.118.141,"{'name': 'routerprotocol.com', 'ns': 'ns-1568.awsdns-04.co.uk', 'mailbox': 'awsdns-hostmaster.amazon.com', 'serial': 1, 'refresh': 7200, 'retry': 900, 'expire': 1209600, 'minttl': 86400}, {'name': 'routerprotocol.com', 'ns': 'ns-1568.awsdns-04.co.uk', 'mailbox': 'awsdns-hostmaster.amazon.com', 'serial': 1, 'refresh': 7200, 'retry': 900, 'expire': 1209600, 'minttl': 86400}, {'name': 'routerprotocol.com', 'ns': 'ns-1568.awsdns-04.co.uk', 'mailbox': 'awsdns-hostmaster.amazon.com', 'serial': 1, 'refresh': 7200, 'retry': 900, 'expire': 1209600, 'minttl': 86400}, {'name': 'routerprotocol.com', 'ns': 'ns-1568.awsdns-04.co.uk', 'mailbox': 'awsdns-hostmaster.amazon.com', 'serial': 1, 'refresh': 7200, 'retry': 900, 'expire': 1209600, 'minttl': 86400}, {'name': 'routerprotocol.com', 'ns': 'ns-1568.awsdns-04.co.uk', 'mailbox': 'awsdns-hostmaster.amazon.com', 'serial': 1, 'refresh': 7200, 'retry': 900, 'expire': 1209600, 'minttl': 86400}, {'name': 'routerprotocol.com', 'ns': 'ns-1568.awsdns-04.co.uk', 'mailbox': 'awsdns-hostmaster.amazon.com', 'serial': 1, 'refresh': 7200, 'retry': 900, 'expire': 1209600, 'minttl': 86400}, {'name': 'routerprotocol.com', 'ns': 'ns-1568.awsdns-04.co.uk', 'mailbox': 'awsdns-hostmaster.amazon.com', 'serial': 1, 'refresh': 7200, 'retry': 900, 'expire': 1209600, 'minttl': 86400}",NOERROR,,,,,,,,
[x],devnet.grpcweb.routerprotocol.com,3600,43.205.118.141,"{'name': 'routerprotocol.com', 'ns': 'ns-1568.awsdns-04.co.uk', 'mailbox': 'awsdns-hostmaster.amazon.com', 'serial': 1, 'refresh': 7200, 'retry': 900, 'expire': 1209600, 'minttl': 86400}, {'name': 'routerprotocol.com', 'ns': 'ns-1568.awsdns-04.co.uk', 'mailbox': 'awsdns-hostmaster.amazon.com', 'serial': 1, 'refresh': 7200, 'retry': 900, 'expire': 1209600, 'minttl': 86400}, {'name': 'routerprotocol.com', 'ns': 'ns-1568.awsdns-04.co.uk', 'mailbox': 'awsdns-hostmaster.amazon.com', 'serial': 1, 'refresh': 7200, 'retry': 900, 'expire': 1209600, 'minttl': 86400}, {'name': 'routerprotocol.com', 'ns': 'ns-1568.awsdns-04.co.uk', 'mailbox': 'awsdns-hostmaster.amazon.com', 'serial': 1, 'refresh': 7200, 'retry': 900, 'expire': 1209600, 'minttl': 86400}, {'name': 'routerprotocol.com', 'ns': 'ns-1568.awsdns-04.co.uk', 'mailbox': 'awsdns-hostmaster.amazon.com', 'serial': 1, 'refresh': 7200, 'retry': 900, 'expire': 1209600, 'minttl': 86400}, {'name': 'routerprotocol.com', 'ns': 'ns-1568.awsdns-04.co.uk', 'mailbox': 'awsdns-hostmaster.amazon.com', 'serial': 1, 'refresh': 7200, 'retry': 900, 'expire': 1209600, 'minttl': 86400}, {'name': 'routerprotocol.com', 'ns': 'ns-1568.awsdns-04.co.uk', 'mailbox': 'awsdns-hostmaster.amazon.com', 'serial': 1, 'refresh': 7200, 'retry': 900, 'expire': 1209600, 'minttl': 86400}",NOERROR,,,,,,,,
[x],devnet.lcd.routerprotocol.com,3600,43.205.118.141,"{'name': 'routerprotocol.com', 'ns': 'ns-1568.awsdns-04.co.uk', 'mailbox': 'awsdns-hostmaster.amazon.com', 'serial': 1, 'refresh': 7200, 'retry': 900, 'expire': 1209600, 'minttl': 86400}, {'name': 'routerprotocol.com', 'ns': 'ns-1568.awsdns-04.co.uk', 'mailbox': 'awsdns-hostmaster.amazon.com', 'serial': 1, 'refresh': 7200, 'retry': 900, 'expire': 1209600, 'minttl': 86400}, {'name': 'routerprotocol.com', 'ns': 'ns-1568.awsdns-04.co.uk', 'mailbox': 'awsdns-hostmaster.amazon.com', 'serial': 1, 'refresh': 7200, 'retry': 900, 'expire': 1209600, 'minttl': 86400}, {'name': 'routerprotocol.com', 'ns': 'ns-1568.awsdns-04.co.uk', 'mailbox': 'awsdns-hostmaster.amazon.com', 'serial': 1, 'refresh': 7200, 'retry': 900, 'expire': 1209600, 'minttl': 86400}, {'name': 'routerprotocol.com', 'ns': 'ns-1568.awsdns-04.co.uk', 'mailbox': 'awsdns-hostmaster.amazon.com', 'serial': 1, 'refresh': 7200, 'retry': 900, 'expire': 1209600, 'minttl': 86400}, {'name': 'routerprotocol.com', 'ns': 'ns-1568.awsdns-04.co.uk', 'mailbox': 'awsdns-hostmaster.amazon.com', 'serial': 1, 'refresh': 7200, 'retry': 900, 'expire': 1209600, 'minttl': 86400}",NOERROR,,,,,,,,
[x],devnet.ping-pong.routerprotocol.com,36,"18.244.155.127, 18.244.155.121, 18.244.155.40, 18.244.155.32","{'name': 'routerprotocol.com', 'ns': 'ns-1568.awsdns-04.co.uk', 'mailbox': 'awsdns-hostmaster.amazon.com', 'serial': 1, 'refresh': 7200, 'retry': 900, 'expire': 1209600, 'minttl': 86400}, {'name': 'routerprotocol.com', 'ns': 'ns-1568.awsdns-04.co.uk', 'mailbox': 'awsdns-hostmaster.amazon.com', 'serial': 1, 'refresh': 7200, 'retry': 900, 'expire': 1209600, 'minttl': 86400}, {'name': 'routerprotocol.com', 'ns': 'ns-1568.awsdns-04.co.uk', 'mailbox': 'awsdns-hostmaster.amazon.com', 'serial': 1, 'refresh': 7200, 'retry': 900, 'expire': 1209600, 'minttl': 86400}, {'name': 'routerprotocol.com', 'ns': 'ns-1568.awsdns-04.co.uk', 'mailbox': 'awsdns-hostmaster.amazon.com', 'serial': 1, 'refresh': 7200, 'retry': 900, 'expire': 1209600, 'minttl': 86400}, {'name': 'routerprotocol.com', 'ns': 'ns-1568.awsdns-04.co.uk', 'mailbox': 'awsdns-hostmaster.amazon.com', 'serial': 1, 'refresh': 7200, 'retry': 900, 'expire': 1209600, 'minttl': 86400}",NOERROR,True,cloudfront,,,,,,
[x],devnet.texchange.routerprotocol.com,60,"3.160.150.94, 3.160.150.41, 3.160.150.121, 3.160.150.14","{'name': 'routerprotocol.com', 'ns': 'ns-1568.awsdns-04.co.uk', 'mailbox': 'awsdns-hostmaster.amazon.com', 'serial': 1, 'refresh': 7200, 'retry': 900, 'expire': 1209600, 'minttl': 86400}, {'name': 'routerprotocol.com', 'ns': 'ns-1568.awsdns-04.co.uk', 'mailbox': 'awsdns-hostmaster.amazon.com', 'serial': 1, 'refresh': 7200, 'retry': 900, 'expire': 1209600, 'minttl': 86400}, {'name': 'routerprotocol.com', 'ns': 'ns-1568.awsdns-04.co.uk', 'mailbox': 'awsdns-hostmaster.amazon.com', 'serial': 1, 'refresh': 7200, 'retry': 900, 'expire': 1209600, 'minttl': 86400}, {'name': 'routerprotocol.com', 'ns': 'ns-1568.awsdns-04.co.uk', 'mailbox': 'awsdns-hostmaster.amazon.com', 'serial': 1, 'refresh': 7200, 'retry': 900, 'expire': 1209600, 'minttl': 86400}, {'name': 'routerprotocol.com', 'ns': 'ns-1568.awsdns-04.co.uk', 'mailbox': 'awsdns-hostmaster.amazon.com', 'serial': 1, 'refresh': 7200, 'retry': 900, 'expire': 1209600, 'minttl': 86400}",NOERROR,True,cloudfront,"ns-1132.awsdns-13.org, ns-1568.awsdns-04.co.uk, ns-58.awsdns-07.com, ns-933.awsdns-52.net",,,,,
[x],devnet.tm.routerprotocol.com,3600,43.205.118.141,"{'name': 'routerprotocol.com', 'ns': 'ns-1568.awsdns-04.co.uk', 'mailbox': 'awsdns-hostmaster.amazon.com', 'serial': 1, 'refresh': 7200, 'retry': 900, 'expire': 1209600, 'minttl': 86400}, {'name': 'routerprotocol.com', 'ns': 'ns-1568.awsdns-04.co.uk', 'mailbox': 'awsdns-hostmaster.amazon.com', 'serial': 1, 'refresh': 7200, 'retry': 900, 'expire': 1209600, 'minttl': 86400}, {'name': 'routerprotocol.com', 'ns': 'ns-1568.awsdns-04.co.uk', 'mailbox': 'awsdns-hostmaster.amazon.com', 'serial': 1, 'refresh': 7200, 'retry': 900, 'expire': 1209600, 'minttl': 86400}, {'name': 'routerprotocol.com', 'ns': 'ns-1568.awsdns-04.co.uk', 'mailbox': 'awsdns-hostmaster.amazon.com', 'serial': 1, 'refresh': 7200, 'retry': 900, 'expire': 1209600, 'minttl': 86400}, {'name': 'routerprotocol.com', 'ns': 'ns-1568.awsdns-04.co.uk', 'mailbox': 'awsdns-hostmaster.amazon.com', 'serial': 1, 'refresh': 7200, 'retry': 900, 'expire': 1209600, 'minttl': 86400}",NOERROR,,,,,,,,
[x],docs.routerprotocol.com,60,"52.222.214.110, 52.222.214.3, 52.222.214.24, 52.222.214.109","{'name': 'routerprotocol.com', 'ns': 'ns-1568.awsdns-04.co.uk', 'mailbox': 'awsdns-hostmaster.amazon.com', 'serial': 1, 'refresh': 7200, 'retry': 900, 'expire': 1209600, 'minttl': 86400}, {'name': 'routerprotocol.com', 'ns': 'ns-1568.awsdns-04.co.uk', 'mailbox': 'awsdns-hostmaster.amazon.com', 'serial': 1, 'refresh': 7200, 'retry': 900, 'expire': 1209600, 'minttl': 86400}, {'name': 'routerprotocol.com', 'ns': 'ns-1568.awsdns-04.co.uk', 'mailbox': 'awsdns-hostmaster.amazon.com', 'serial': 1, 'refresh': 7200, 'retry': 900, 'expire': 1209600, 'minttl': 86400}, {'name': 'routerprotocol.com', 'ns': 'ns-1568.awsdns-04.co.uk', 'mailbox': 'awsdns-hostmaster.amazon.com', 'serial': 1, 'refresh': 7200, 'retry': 900, 'expire': 1209600, 'minttl': 86400}, {'name': 'routerprotocol.com', 'ns': 'ns-1568.awsdns-04.co.uk', 'mailbox': 'awsdns-hostmaster.amazon.com', 'serial': 1, 'refresh': 7200, 'retry': 900, 'expire': 1209600, 'minttl': 86400}",NOERROR,True,cloudfront,,,,,,
[x],env-frontend-changer.routerprotocol.com,300,15.206.195.67,"{'name': 'routerprotocol.com', 'ns': 'ns-1568.awsdns-04.co.uk', 'mailbox': 'awsdns-hostmaster.amazon.com', 'serial': 1, 'refresh': 7200, 'retry': 900, 'expire': 1209600, 'minttl': 86400}, {'name': 'routerprotocol.com', 'ns': 'ns-1568.awsdns-04.co.uk', 'mailbox': 'awsdns-hostmaster.amazon.com', 'serial': 1, 'refresh': 7200, 'retry': 900, 'expire': 1209600, 'minttl': 86400}, {'name': 'routerprotocol.com', 'ns': 'ns-1568.awsdns-04.co.uk', 'mailbox': 'awsdns-hostmaster.amazon.com', 'serial': 1, 'refresh': 7200, 'retry': 900, 'expire': 1209600, 'minttl': 86400}, {'name': 'routerprotocol.com', 'ns': 'ns-1568.awsdns-04.co.uk', 'mailbox': 'awsdns-hostmaster.amazon.com', 'serial': 1, 'refresh': 7200, 'retry': 900, 'expire': 1209600, 'minttl': 86400}, {'name': 'routerprotocol.com', 'ns': 'ns-1568.awsdns-04.co.uk', 'mailbox': 'awsdns-hostmaster.amazon.com', 'serial': 1, 'refresh': 7200, 'retry': 900, 'expire': 1209600, 'minttl': 86400}, {'name': 'routerprotocol.com', 'ns': 'ns-1568.awsdns-04.co.uk', 'mailbox': 'awsdns-hostmaster.amazon.com', 'serial': 1, 'refresh': 7200, 'retry': 900, 'expire': 1209600, 'minttl': 86400}",NOERROR,,,,,,,,
[x],events.routerprotocol.com,3600,169.150.247.37,"{'name': 'routerprotocolcom.b-cdn.net', 'ns': 'ns1.bunnydns.com', 'mailbox': 'hostmaster.bunnydns.com', 'serial': 2020766126, 'refresh': 7200, 'retry': 900, 'expire': 1209600, 'minttl': 86400}, {'name': 'routerprotocolcom.b-cdn.net', 'ns': 'ns1.bunnydns.com', 'mailbox': 'hostmaster.bunnydns.com', 'serial': 2020766123, 'refresh': 7200, 'retry': 900, 'expire': 1209600, 'minttl': 86400}, {'name': 'routerprotocolcom.b-cdn.net', 'ns': 'ns1.bunnydns.com', 'mailbox': 'hostmaster.bunnydns.com', 'serial': 2020766126, 'refresh': 7200, 'retry': 900, 'expire': 1209600, 'minttl': 86400}",NOERROR,,,,"633182465d824d00186fd1be.zone2.swipepages.net, routerprotocolcom.b-cdn.net",,,,
[x],evm-rpc.routerprotocol.com,298,,"{'name': 'routerprotocol.com', 'ns': 'ns-1568.awsdns-04.co.uk', 'mailbox': 'awsdns-hostmaster.amazon.com', 'serial': 1, 'refresh': 7200, 'retry': 900, 'expire': 1209600, 'minttl': 86400}, {'name': 'routerprotocol.com', 'ns': 'ns-1568.awsdns-04.co.uk', 'mailbox': 'awsdns-hostmaster.amazon.com', 'serial': 1, 'refresh': 7200, 'retry': 900, 'expire': 1209600, 'minttl': 86400}, {'name': 'routerprotocol.com', 'ns': 'ns-1568.awsdns-04.co.uk', 'mailbox': 'awsdns-hostmaster.amazon.com', 'serial': 1, 'refresh': 7200, 'retry': 900, 'expire': 1209600, 'minttl': 86400}, {'name': 'routerprotocol.com', 'ns': 'ns-1568.awsdns-04.co.uk', 'mailbox': 'awsdns-hostmaster.amazon.com', 'serial': 1, 'refresh': 7200, 'retry': 900, 'expire': 1209600, 'minttl': 86400}, {'name': 'routerprotocol.com', 'ns': 'ns-1568.awsdns-04.co.uk', 'mailbox': 'awsdns-hostmaster.amazon.com', 'serial': 1, 'refresh': 7200, 'retry': 900, 'expire': 1209600, 'minttl': 86400}, {'name': 'routerprotocol.com', 'ns': 'ns-1568.awsdns-04.co.uk', 'mailbox': 'awsdns-hostmaster.amazon.com', 'serial': 1, 'refresh': 7200, 'retry': 900, 'expire': 1209600, 'minttl': 86400}, {'name': 'routerprotocol.com', 'ns': 'ns-1568.awsdns-04.co.uk', 'mailbox': 'awsdns-hostmaster.amazon.com', 'serial': 1, 'refresh': 7200, 'retry': 900, 'expire': 1209600, 'minttl': 86400}",NOERROR,True,google,,,,,,
[x],explorer.routerprotocol.com,900,,"{'name': 'routerprotocol.com', 'ns': 'ns-1568.awsdns-04.co.uk', 'mailbox': 'awsdns-hostmaster.amazon.com', 'serial': 1, 'refresh': 7200, 'retry': 900, 'expire': 1209600, 'minttl': 86400}, {'name': 'routerprotocol.com', 'ns': 'ns-1568.awsdns-04.co.uk', 'mailbox': 'awsdns-hostmaster.amazon.com', 'serial': 1, 'refresh': 7200, 'retry': 900, 'expire': 1209600, 'minttl': 86400}, {'name': 'routerprotocol.com', 'ns': 'ns-1568.awsdns-04.co.uk', 'mailbox': 'awsdns-hostmaster.amazon.com', 'serial': 1, 'refresh': 7200, 'retry': 900, 'expire': 1209600, 'minttl': 86400}, {'name': 'routerprotocol.com', 'ns': 'ns-1568.awsdns-04.co.uk', 'mailbox': 'awsdns-hostmaster.amazon.com', 'serial': 1, 'refresh': 7200, 'retry': 900, 'expire': 1209600, 'minttl': 86400}, {'name': 'routerprotocol.com', 'ns': 'ns-1568.awsdns-04.co.uk', 'mailbox': 'awsdns-hostmaster.amazon.com', 'serial': 1, 'refresh': 7200, 'retry': 900, 'expire': 1209600, 'minttl': 86400}, {'name': 'routerprotocol.com', 'ns': 'ns-1568.awsdns-04.co.uk', 'mailbox': 'awsdns-hostmaster.amazon.com', 'serial': 1, 'refresh': 7200, 'retry': 900, 'expire': 1209600, 'minttl': 86400}, {'name': 'routerprotocol.com', 'ns': 'ns-1568.awsdns-04.co.uk', 'mailbox': 'awsdns-hostmaster.amazon.com', 'serial': 1, 'refresh': 7200, 'retry': 900, 'expire': 1209600, 'minttl': 86400}",NOERROR,True,cloudfront,,,,,,
[x],exporer-mainnet-writer.routerprotocol.com,60,34.36.95.78,"{'name': 'routerprotocol.com', 'ns': 'ns-1568.awsdns-04.co.uk', 'mailbox': 'awsdns-hostmaster.amazon.com', 'serial': 1, 'refresh': 7200, 'retry': 900, 'expire': 1209600, 'minttl': 86400}, {'name': 'routerprotocol.com', 'ns': 'ns-1568.awsdns-04.co.uk', 'mailbox': 'awsdns-hostmaster.amazon.com', 'serial': 1, 'refresh': 7200, 'retry': 900, 'expire': 1209600, 'minttl': 86400}, {'name': 'routerprotocol.com', 'ns': 'ns-1568.awsdns-04.co.uk', 'mailbox': 'awsdns-hostmaster.amazon.com', 'serial': 1, 'refresh': 7200, 'retry': 900, 'expire': 1209600, 'minttl': 86400}, {'name': 'routerprotocol.com', 'ns': 'ns-1568.awsdns-04.co.uk', 'mailbox': 'awsdns-hostmaster.amazon.com', 'serial': 1, 'refresh': 7200, 'retry': 900, 'expire': 1209600, 'minttl': 86400}, {'name': 'routerprotocol.com', 'ns': 'ns-1568.awsdns-04.co.uk', 'mailbox': 'awsdns-hostmaster.amazon.com', 'serial': 1, 'refresh': 7200, 'retry': 900, 'expire': 1209600, 'minttl': 86400}, {'name': 'routerprotocol.com', 'ns': 'ns-1568.awsdns-04.co.uk', 'mailbox': 'awsdns-hostmaster.amazon.com', 'serial': 1, 'refresh': 7200, 'retry': 900, 'expire': 1209600, 'minttl': 86400}, {'name': 'routerprotocol.com', 'ns': 'ns-1568.awsdns-04.co.uk', 'mailbox': 'awsdns-hostmaster.amazon.com', 'serial': 1, 'refresh': 7200, 'retry': 900, 'expire': 1209600, 'minttl': 86400}",NOERROR,True,google,,,,,,
[x],faucet.routerprotocol.com,60,"143.204.98.114, 143.204.98.13, 143.204.98.88, 143.204.98.91","{'name': 'routerprotocol.com', 'ns': 'ns-1568.awsdns-04.co.uk', 'mailbox': 'awsdns-hostmaster.amazon.com', 'serial': 1, 'refresh': 7200, 'retry': 900, 'expire': 1209600, 'minttl': 86400}, {'name': 'routerprotocol.com', 'ns': 'ns-1568.awsdns-04.co.uk', 'mailbox': 'awsdns-hostmaster.amazon.com', 'serial': 1, 'refresh': 7200, 'retry': 900, 'expire': 1209600, 'minttl': 86400}, {'name': 'routerprotocol.com', 'ns': 'ns-1568.awsdns-04.co.uk', 'mailbox': 'awsdns-hostmaster.amazon.com', 'serial': 1, 'refresh': 7200, 'retry': 900, 'expire': 1209600, 'minttl': 86400}, {'name': 'routerprotocol.com', 'ns': 'ns-1568.awsdns-04.co.uk', 'mailbox': 'awsdns-hostmaster.amazon.com', 'serial': 1, 'refresh': 7200, 'retry': 900, 'expire': 1209600, 'minttl': 86400}, {'name': 'routerprotocol.com', 'ns': 'ns-1568.awsdns-04.co.uk', 'mailbox': 'awsdns-hostmaster.amazon.com', 'serial': 1, 'refresh': 7200, 'retry': 900, 'expire': 1209600, 'minttl': 86400}, {'name': 'routerprotocol.com', 'ns': 'ns-1568.awsdns-04.co.uk', 'mailbox': 'awsdns-hostmaster.amazon.com', 'serial': 1, 'refresh': 7200, 'retry': 900, 'expire': 1209600, 'minttl': 86400}",NOERROR,True,cloudfront,,,,,,
[x],forwarder.routerprotocol.com,500,"18.239.69.70, 18.239.69.76, 18.239.69.55, 18.239.69.20","{'name': 'dlm0po5gb912a.cloudfront.net', 'ns': 'ns-161.awsdns-20.com', 'mailbox': 'awsdns-hostmaster.amazon.com', 'serial': 1, 'refresh': 7200, 'retry': 900, 'expire': 1209600, 'minttl': 86400}, {'name': 'dlm0po5gb912a.cloudfront.net', 'ns': 'ns-161.awsdns-20.com', 'mailbox': 'awsdns-hostmaster.amazon.com', 'serial': 1, 'refresh': 7200, 'retry': 900, 'expire': 1209600, 'minttl': 86400}, {'name': 'dlm0po5gb912a.cloudfront.net', 'ns': 'ns-161.awsdns-20.com', 'mailbox': 'awsdns-hostmaster.amazon.com', 'serial': 1, 'refresh': 7200, 'retry': 900, 'expire': 1209600, 'minttl': 86400}, {'name': 'dlm0po5gb912a.cloudfront.net', 'ns': 'ns-161.awsdns-20.com', 'mailbox': 'awsdns-hostmaster.amazon.com', 'serial': 1, 'refresh': 7200, 'retry': 900, 'expire': 1209600, 'minttl': 86400}",NOERROR,True,cloudfront,"ns-1472.awsdns-56.org, ns-161.awsdns-20.com, ns-1640.awsdns-13.co.uk, ns-562.awsdns-06.net",dlm0po5gb912a.cloudfront.net,"2600:9000:2550:a400:6:153a:2880:93a1, 2600:9000:2550:3800:6:153a:2880:93a1, 2600:9000:2550:3e00:6:153a:2880:93a1, 2600:9000:2550:8a00:6:153a:2880:93a1, 2600:9000:2550:7e00:6:153a:2880:93a1, 2600:9000:2550:6000:6:153a:2880:93a1, 2600:9000:2550:b400:6:153a:2880:93a1, 2600:9000:2550:c800:6:153a:2880:93a1",,,
[x],galaxyfarm.routerprotocol.com,60,"13.32.99.16, 13.32.99.30, 13.32.99.10, 13.32.99.108","{'name': 'routerprotocol.com', 'ns': 'ns-1568.awsdns-04.co.uk', 'mailbox': 'awsdns-hostmaster.amazon.com', 'serial': 1, 'refresh': 7200, 'retry': 900, 'expire': 1209600, 'minttl': 86400}, {'name': 'routerprotocol.com', 'ns': 'ns-1568.awsdns-04.co.uk', 'mailbox': 'awsdns-hostmaster.amazon.com', 'serial': 1, 'refresh': 7200, 'retry': 900, 'expire': 1209600, 'minttl': 86400}, {'name': 'routerprotocol.com', 'ns': 'ns-1568.awsdns-04.co.uk', 'mailbox': 'awsdns-hostmaster.amazon.com', 'serial': 1, 'refresh': 7200, 'retry': 900, 'expire': 1209600, 'minttl': 86400}, {'name': 'routerprotocol.com', 'ns': 'ns-1568.awsdns-04.co.uk', 'mailbox': 'awsdns-hostmaster.amazon.com', 'serial': 1, 'refresh': 7200, 'retry': 900, 'expire': 1209600, 'minttl': 86400}, {'name': 'routerprotocol.com', 'ns': 'ns-1568.awsdns-04.co.uk', 'mailbox': 'awsdns-hostmaster.amazon.com', 'serial': 1, 'refresh': 7200, 'retry': 900, 'expire': 1209600, 'minttl': 86400}, {'name': 'routerprotocol.com', 'ns': 'ns-1568.awsdns-04.co.uk', 'mailbox': 'awsdns-hostmaster.amazon.com', 'serial': 1, 'refresh': 7200, 'retry': 900, 'expire': 1209600, 'minttl': 86400}, {'name': 'routerprotocol.com', 'ns': 'ns-1568.awsdns-04.co.uk', 'mailbox': 'awsdns-hostmaster.amazon.com', 'serial': 1, 'refresh': 7200, 'retry': 900, 'expire': 1209600, 'minttl': 86400}",NOERROR,True,cloudfront,,,,,,
[x],grpc-web.routerprotocol.com,300,34.49.111.49,"{'name': 'routerprotocol.com', 'ns': 'ns-1568.awsdns-04.co.uk', 'mailbox': 'awsdns-hostmaster.amazon.com', 'serial': 1, 'refresh': 7200, 'retry': 900, 'expire': 1209600, 'minttl': 86400}, {'name': 'routerprotocol.com', 'ns': 'ns-1568.awsdns-04.co.uk', 'mailbox': 'awsdns-hostmaster.amazon.com', 'serial': 1, 'refresh': 7200, 'retry': 900, 'expire': 1209600, 'minttl': 86400}, {'name': 'routerprotocol.com', 'ns': 'ns-1568.awsdns-04.co.uk', 'mailbox': 'awsdns-hostmaster.amazon.com', 'serial': 1, 'refresh': 7200, 'retry': 900, 'expire': 1209600, 'minttl': 86400}, {'name': 'routerprotocol.com', 'ns': 'ns-1568.awsdns-04.co.uk', 'mailbox': 'awsdns-hostmaster.amazon.com', 'serial': 1, 'refresh': 7200, 'retry': 900, 'expire': 1209600, 'minttl': 86400}, {'name': 'routerprotocol.com', 'ns': 'ns-1568.awsdns-04.co.uk', 'mailbox': 'awsdns-hostmaster.amazon.com', 'serial': 1, 'refresh': 7200, 'retry': 900, 'expire': 1209600, 'minttl': 86400}, {'name': 'routerprotocol.com', 'ns': 'ns-1568.awsdns-04.co.uk', 'mailbox': 'awsdns-hostmaster.amazon.com', 'serial': 1, 'refresh': 7200, 'retry': 900, 'expire': 1209600, 'minttl': 86400}",NOERROR,True,google,,,,,,
[x],grpc.routerprotocol.com,300,35.186.197.19,"{'name': 'routerprotocol.com', 'ns': 'ns-1568.awsdns-04.co.uk', 'mailbox': 'awsdns-hostmaster.amazon.com', 'serial': 1, 'refresh': 7200, 'retry': 900, 'expire': 1209600, 'minttl': 86400}, {'name': 'routerprotocol.com', 'ns': 'ns-1568.awsdns-04.co.uk', 'mailbox': 'awsdns-hostmaster.amazon.com', 'serial': 1, 'refresh': 7200, 'retry': 900, 'expire': 1209600, 'minttl': 86400}, {'name': 'routerprotocol.com', 'ns': 'ns-1568.awsdns-04.co.uk', 'mailbox': 'awsdns-hostmaster.amazon.com', 'serial': 1, 'refresh': 7200, 'retry': 900, 'expire': 1209600, 'minttl': 86400}, {'name': 'routerprotocol.com', 'ns': 'ns-1568.awsdns-04.co.uk', 'mailbox': 'awsdns-hostmaster.amazon.com', 'serial': 1, 'refresh': 7200, 'retry': 900, 'expire': 1209600, 'minttl': 86400}, {'name': 'routerprotocol.com', 'ns': 'ns-1568.awsdns-04.co.uk', 'mailbox': 'awsdns-hostmaster.amazon.com', 'serial': 1, 'refresh': 7200, 'retry': 900, 'expire': 1209600, 'minttl': 86400}, {'name': 'routerprotocol.com', 'ns': 'ns-1568.awsdns-04.co.uk', 'mailbox': 'awsdns-hostmaster.amazon.com', 'serial': 1, 'refresh': 7200, 'retry': 900, 'expire': 1209600, 'minttl': 86400}, {'name': 'routerprotocol.com', 'ns': 'ns-1568.awsdns-04.co.uk', 'mailbox': 'awsdns-hostmaster.amazon.com', 'serial': 1, 'refresh': 7200, 'retry': 900, 'expire': 1209600, 'minttl': 86400}",NOERROR,True,google,,,,,,
[x],harmony.subgraph.routerprotocol.com,987,13.229.53.197,"{'name': 'routerprotocol.com', 'ns': 'ns-1568.awsdns-04.co.uk', 'mailbox': 'awsdns-hostmaster.amazon.com', 'serial': 1, 'refresh': 7200, 'retry': 900, 'expire': 1209600, 'minttl': 86400}, {'name': 'routerprotocol.com', 'ns': 'ns-1568.awsdns-04.co.uk', 'mailbox': 'awsdns-hostmaster.amazon.com', 'serial': 1, 'refresh': 7200, 'retry': 900, 'expire': 1209600, 'minttl': 86400}, {'name': 'routerprotocol.com', 'ns': 'ns-1568.awsdns-04.co.uk', 'mailbox': 'awsdns-hostmaster.amazon.com', 'serial': 1, 'refresh': 7200, 'retry': 900, 'expire': 1209600, 'minttl': 86400}, {'name': 'routerprotocol.com', 'ns': 'ns-1568.awsdns-04.co.uk', 'mailbox': 'awsdns-hostmaster.amazon.com', 'serial': 1, 'refresh': 7200, 'retry': 900, 'expire': 1209600, 'minttl': 86400}, {'name': 'routerprotocol.com', 'ns': 'ns-1568.awsdns-04.co.uk', 'mailbox': 'awsdns-hostmaster.amazon.com', 'serial': 1, 'refresh': 7200, 'retry': 900, 'expire': 1209600, 'minttl': 86400}, {'name': 'routerprotocol.com', 'ns': 'ns-1568.awsdns-04.co.uk', 'mailbox': 'awsdns-hostmaster.amazon.com', 'serial': 1, 'refresh': 7200, 'retry': 900, 'expire': 1209600, 'minttl': 86400}, {'name': 'routerprotocol.com', 'ns': 'ns-1568.awsdns-04.co.uk', 'mailbox': 'awsdns-hostmaster.amazon.com', 'serial': 1, 'refresh': 7200, 'retry': 900, 'expire': 1209600, 'minttl': 86400}",NOERROR,,,,,,,,
[x],jenkins-alpha.routerprotocol.com,180,34.93.116.42,"{'name': 'routerprotocol.com', 'ns': 'ns-1568.awsdns-04.co.uk', 'mailbox': 'awsdns-hostmaster.amazon.com', 'serial': 1, 'refresh': 7200, 'retry': 900, 'expire': 1209600, 'minttl': 86400}, {'name': 'routerprotocol.com', 'ns': 'ns-1568.awsdns-04.co.uk', 'mailbox': 'awsdns-hostmaster.amazon.com', 'serial': 1, 'refresh': 7200, 'retry': 900, 'expire': 1209600, 'minttl': 86400}, {'name': 'routerprotocol.com', 'ns': 'ns-1568.awsdns-04.co.uk', 'mailbox': 'awsdns-hostmaster.amazon.com', 'serial': 1, 'refresh': 7200, 'retry': 900, 'expire': 1209600, 'minttl': 86400}, {'name': 'routerprotocol.com', 'ns': 'ns-1568.awsdns-04.co.uk', 'mailbox': 'awsdns-hostmaster.amazon.com', 'serial': 1, 'refresh': 7200, 'retry': 900, 'expire': 1209600, 'minttl': 86400}, {'name': 'routerprotocol.com', 'ns': 'ns-1568.awsdns-04.co.uk', 'mailbox': 'awsdns-hostmaster.amazon.com', 'serial': 1, 'refresh': 7200, 'retry': 900, 'expire': 1209600, 'minttl': 86400}, {'name': 'routerprotocol.com', 'ns': 'ns-1568.awsdns-04.co.uk', 'mailbox': 'awsdns-hostmaster.amazon.com', 'serial': 1, 'refresh': 7200, 'retry': 900, 'expire': 1209600, 'minttl': 86400}",NOERROR,True,google,,,,,,
[x],k8s-dashboard.routerprotocol.com,60,"18.139.131.199, 54.179.176.110","{'name': 'routerprotocol.com', 'ns': 'ns-1568.awsdns-04.co.uk', 'mailbox': 'awsdns-hostmaster.amazon.com', 'serial': 1, 'refresh': 7200, 'retry': 900, 'expire': 1209600, 'minttl': 86400}, {'name': 'routerprotocol.com', 'ns': 'ns-1568.awsdns-04.co.uk', 'mailbox': 'awsdns-hostmaster.amazon.com', 'serial': 1, 'refresh': 7200, 'retry': 900, 'expire': 1209600, 'minttl': 86400}, {'name': 'routerprotocol.com', 'ns': 'ns-1568.awsdns-04.co.uk', 'mailbox': 'awsdns-hostmaster.amazon.com', 'serial': 1, 'refresh': 7200, 'retry': 900, 'expire': 1209600, 'minttl': 86400}, {'name': 'routerprotocol.com', 'ns': 'ns-1568.awsdns-04.co.uk', 'mailbox': 'awsdns-hostmaster.amazon.com', 'serial': 1, 'refresh': 7200, 'retry': 900, 'expire': 1209600, 'minttl': 86400}, {'name': 'routerprotocol.com', 'ns': 'ns-1568.awsdns-04.co.uk', 'mailbox': 'awsdns-hostmaster.amazon.com', 'serial': 1, 'refresh': 7200, 'retry': 900, 'expire': 1209600, 'minttl': 86400}, {'name': 'routerprotocol.com', 'ns': 'ns-1568.awsdns-04.co.uk', 'mailbox': 'awsdns-hostmaster.amazon.com', 'serial': 1, 'refresh': 7200, 'retry': 900, 'expire': 1209600, 'minttl': 86400}",NOERROR,,,,,,,,
[x],kava.subgraph.routerprotocol.com,300,18.142.117.10,"{'name': 'routerprotocol.com', 'ns': 'ns-1568.awsdns-04.co.uk', 'mailbox': 'awsdns-hostmaster.amazon.com', 'serial': 1, 'refresh': 7200, 'retry': 900, 'expire': 1209600, 'minttl': 86400}, {'name': 'routerprotocol.com', 'ns': 'ns-1568.awsdns-04.co.uk', 'mailbox': 'awsdns-hostmaster.amazon.com', 'serial': 1, 'refresh': 7200, 'retry': 900, 'expire': 1209600, 'minttl': 86400}, {'name': 'routerprotocol.com', 'ns': 'ns-1568.awsdns-04.co.uk', 'mailbox': 'awsdns-hostmaster.amazon.com', 'serial': 1, 'refresh': 7200, 'retry': 900, 'expire': 1209600, 'minttl': 86400}, {'name': 'routerprotocol.com', 'ns': 'ns-1568.awsdns-04.co.uk', 'mailbox': 'awsdns-hostmaster.amazon.com', 'serial': 1, 'refresh': 7200, 'retry': 900, 'expire': 1209600, 'minttl': 86400}, {'name': 'routerprotocol.com', 'ns': 'ns-1568.awsdns-04.co.uk', 'mailbox': 'awsdns-hostmaster.amazon.com', 'serial': 1, 'refresh': 7200, 'retry': 900, 'expire': 1209600, 'minttl': 86400}, {'name': 'routerprotocol.com', 'ns': 'ns-1568.awsdns-04.co.uk', 'mailbox': 'awsdns-hostmaster.amazon.com', 'serial': 1, 'refresh': 7200, 'retry': 900, 'expire': 1209600, 'minttl': 86400}, {'name': 'routerprotocol.com', 'ns': 'ns-1568.awsdns-04.co.uk', 'mailbox': 'awsdns-hostmaster.amazon.com', 'serial': 1, 'refresh': 7200, 'retry': 900, 'expire': 1209600, 'minttl': 86400}",NOERROR,,,,,,,,
[x],lcd.routerprotocol.com,300,34.111.196.150,"{'name': 'routerprotocol.com', 'ns': 'ns-1568.awsdns-04.co.uk', 'mailbox': 'awsdns-hostmaster.amazon.com', 'serial': 1, 'refresh': 7200, 'retry': 900, 'expire': 1209600, 'minttl': 86400}, {'name': 'routerprotocol.com', 'ns': 'ns-1568.awsdns-04.co.uk', 'mailbox': 'awsdns-hostmaster.amazon.com', 'serial': 1, 'refresh': 7200, 'retry': 900, 'expire': 1209600, 'minttl': 86400}, {'name': 'routerprotocol.com', 'ns': 'ns-1568.awsdns-04.co.uk', 'mailbox': 'awsdns-hostmaster.amazon.com', 'serial': 1, 'refresh': 7200, 'retry': 900, 'expire': 1209600, 'minttl': 86400}, {'name': 'routerprotocol.com', 'ns': 'ns-1568.awsdns-04.co.uk', 'mailbox': 'awsdns-hostmaster.amazon.com', 'serial': 1, 'refresh': 7200, 'retry': 900, 'expire': 1209600, 'minttl': 86400}, {'name': 'routerprotocol.com', 'ns': 'ns-1568.awsdns-04.co.uk', 'mailbox': 'awsdns-hostmaster.amazon.com', 'serial': 1, 'refresh': 7200, 'retry': 900, 'expire': 1209600, 'minttl': 86400}",NOERROR,True,google,,,,,,
[x],mainnet-explorer-reader.routerprotocol.com,45,34.160.149.176,"{'name': 'routerprotocol.com', 'ns': 'ns-1568.awsdns-04.co.uk', 'mailbox': 'awsdns-hostmaster.amazon.com', 'serial': 1, 'refresh': 7200, 'retry': 900, 'expire': 1209600, 'minttl': 86400}, {'name': 'routerprotocol.com', 'ns': 'ns-1568.awsdns-04.co.uk', 'mailbox': 'awsdns-hostmaster.amazon.com', 'serial': 1, 'refresh': 7200, 'retry': 900, 'expire': 1209600, 'minttl': 86400}, {'name': 'routerprotocol.com', 'ns': 'ns-1568.awsdns-04.co.uk', 'mailbox': 'awsdns-hostmaster.amazon.com', 'serial': 1, 'refresh': 7200, 'retry': 900, 'expire': 1209600, 'minttl': 86400}, {'name': 'routerprotocol.com', 'ns': 'ns-1568.awsdns-04.co.uk', 'mailbox': 'awsdns-hostmaster.amazon.com', 'serial': 1, 'refresh': 7200, 'retry': 900, 'expire': 1209600, 'minttl': 86400}, {'name': 'routerprotocol.com', 'ns': 'ns-1568.awsdns-04.co.uk', 'mailbox': 'awsdns-hostmaster.amazon.com', 'serial': 1, 'refresh': 7200, 'retry': 900, 'expire': 1209600, 'minttl': 86400}, {'name': 'routerprotocol.com', 'ns': 'ns-1568.awsdns-04.co.uk', 'mailbox': 'awsdns-hostmaster.amazon.com', 'serial': 1, 'refresh': 7200, 'retry': 900, 'expire': 1209600, 'minttl': 86400}, {'name': 'routerprotocol.com', 'ns': 'ns-1568.awsdns-04.co.uk', 'mailbox': 'awsdns-hostmaster.amazon.com', 'serial': 1, 'refresh': 7200, 'retry': 900, 'expire': 1209600, 'minttl': 86400}",NOERROR,True,google,,,,,,
[x],mainnet-jenkins.routerprotocol.com,60,35.247.185.187,"{'name': 'routerprotocol.com', 'ns': 'ns-1568.awsdns-04.co.uk', 'mailbox': 'awsdns-hostmaster.amazon.com', 'serial': 1, 'refresh': 7200, 'retry': 900, 'expire': 1209600, 'minttl': 86400}, {'name': 'routerprotocol.com', 'ns': 'ns-1568.awsdns-04.co.uk', 'mailbox': 'awsdns-hostmaster.amazon.com', 'serial': 1, 'refresh': 7200, 'retry': 900, 'expire': 1209600, 'minttl': 86400}, {'name': 'routerprotocol.com', 'ns': 'ns-1568.awsdns-04.co.uk', 'mailbox': 'awsdns-hostmaster.amazon.com', 'serial': 1, 'refresh': 7200, 'retry': 900, 'expire': 1209600, 'minttl': 86400}, {'name': 'routerprotocol.com', 'ns': 'ns-1568.awsdns-04.co.uk', 'mailbox': 'awsdns-hostmaster.amazon.com', 'serial': 1, 'refresh': 7200, 'retry': 900, 'expire': 1209600, 'minttl': 86400}",NOERROR,True,google,"ns-1132.awsdns-13.org, ns-1568.awsdns-04.co.uk, ns-58.awsdns-07.com, ns-933.awsdns-52.net",,,,,
[x],nitro-dapp-mainnet.routerprotocol.com,60,34.107.156.26,"{'name': 'routerprotocol.com', 'ns': 'ns-1568.awsdns-04.co.uk', 'mailbox': 'awsdns-hostmaster.amazon.com', 'serial': 1, 'refresh': 7200, 'retry': 900, 'expire': 1209600, 'minttl': 86400}, {'name': 'routerprotocol.com', 'ns': 'ns-1568.awsdns-04.co.uk', 'mailbox': 'awsdns-hostmaster.amazon.com', 'serial': 1, 'refresh': 7200, 'retry': 900, 'expire': 1209600, 'minttl': 86400}, {'name': 'routerprotocol.com', 'ns': 'ns-1568.awsdns-04.co.uk', 'mailbox': 'awsdns-hostmaster.amazon.com', 'serial': 1, 'refresh': 7200, 'retry': 900, 'expire': 1209600, 'minttl': 86400}, {'name': 'routerprotocol.com', 'ns': 'ns-1568.awsdns-04.co.uk', 'mailbox': 'awsdns-hostmaster.amazon.com', 'serial': 1, 'refresh': 7200, 'retry': 900, 'expire': 1209600, 'minttl': 86400}, {'name': 'routerprotocol.com', 'ns': 'ns-1568.awsdns-04.co.uk', 'mailbox': 'awsdns-hostmaster.amazon.com', 'serial': 1, 'refresh': 7200, 'retry': 900, 'expire': 1209600, 'minttl': 86400}, {'name': 'routerprotocol.com', 'ns': 'ns-1568.awsdns-04.co.uk', 'mailbox': 'awsdns-hostmaster.amazon.com', 'serial': 1, 'refresh': 7200, 'retry': 900, 'expire': 1209600, 'minttl': 86400}, {'name': 'routerprotocol.com', 'ns': 'ns-1568.awsdns-04.co.uk', 'mailbox': 'awsdns-hostmaster.amazon.com', 'serial': 1, 'refresh': 7200, 'retry': 900, 'expire': 1209600, 'minttl': 86400}",NOERROR,True,google,,,,,,
[x],nitro-faucet.routerprotocol.com,500,"18.66.218.46, 18.66.218.49, 18.66.218.123, 18.66.218.13","{'name': 'd29wom1amq1do9.cloudfront.net', 'ns': 'ns-178.awsdns-22.com', 'mailbox': 'awsdns-hostmaster.amazon.com', 'serial': 1, 'refresh': 7200, 'retry': 900, 'expire': 1209600, 'minttl': 86400}, {'name': 'd29wom1amq1do9.cloudfront.net', 'ns': 'ns-178.awsdns-22.com', 'mailbox': 'awsdns-hostmaster.amazon.com', 'serial': 1, 'refresh': 7200, 'retry': 900, 'expire': 1209600, 'minttl': 86400}, {'name': 'd29wom1amq1do9.cloudfront.net', 'ns': 'ns-178.awsdns-22.com', 'mailbox': 'awsdns-hostmaster.amazon.com', 'serial': 1, 'refresh': 7200, 'retry': 900, 'expire': 1209600, 'minttl': 86400}, {'name': 'd29wom1amq1do9.cloudfront.net', 'ns': 'ns-178.awsdns-22.com', 'mailbox': 'awsdns-hostmaster.amazon.com', 'serial': 1, 'refresh': 7200, 'retry': 900, 'expire': 1209600, 'minttl': 86400}",NOERROR,True,cloudfront,"ns-1172.awsdns-18.org, ns-1721.awsdns-23.co.uk, ns-178.awsdns-22.com, ns-926.awsdns-51.net",d29wom1amq1do9.cloudfront.net,"2600:9000:2156:8600:e:5c13:5e40:93a1, 2600:9000:2156:a000:e:5c13:5e40:93a1, 2600:9000:2156:ba00:e:5c13:5e40:93a1, 2600:9000:2156:be00:e:5c13:5e40:93a1, 2600:9000:2156:2200:e:5c13:5e40:93a1, 2600:9000:2156:2400:e:5c13:5e40:93a1, 2600:9000:2156:3a00:e:5c13:5e40:93a1, 2600:9000:2156:6600:e:5c13:5e40:93a1",,,
[x],nitro.routerprotocol.com,898,,"{'name': 'routerprotocol.com', 'ns': 'ns-1568.awsdns-04.co.uk', 'mailbox': 'awsdns-hostmaster.amazon.com', 'serial': 1, 'refresh': 7200, 'retry': 900, 'expire': 1209600, 'minttl': 86400}, {'name': 'routerprotocol.com', 'ns': 'ns-1568.awsdns-04.co.uk', 'mailbox': 'awsdns-hostmaster.amazon.com', 'serial': 1, 'refresh': 7200, 'retry': 900, 'expire': 1209600, 'minttl': 86400}, {'name': 'routerprotocol.com', 'ns': 'ns-1568.awsdns-04.co.uk', 'mailbox': 'awsdns-hostmaster.amazon.com', 'serial': 1, 'refresh': 7200, 'retry': 900, 'expire': 1209600, 'minttl': 86400}, {'name': 'routerprotocol.com', 'ns': 'ns-1568.awsdns-04.co.uk', 'mailbox': 'awsdns-hostmaster.amazon.com', 'serial': 1, 'refresh': 7200, 'retry': 900, 'expire': 1209600, 'minttl': 86400}, {'name': 'routerprotocol.com', 'ns': 'ns-1568.awsdns-04.co.uk', 'mailbox': 'awsdns-hostmaster.amazon.com', 'serial': 1, 'refresh': 7200, 'retry': 900, 'expire': 1209600, 'minttl': 86400}, {'name': 'routerprotocol.com', 'ns': 'ns-1568.awsdns-04.co.uk', 'mailbox': 'awsdns-hostmaster.amazon.com', 'serial': 1, 'refresh': 7200, 'retry': 900, 'expire': 1209600, 'minttl': 86400}",NOERROR,True,cloudfront,,,,,,
[x],pingpong.routerprotocol.com,897,,"{'name': 'routerprotocol.com', 'ns': 'ns-1568.awsdns-04.co.uk', 'mailbox': 'awsdns-hostmaster.amazon.com', 'serial': 1, 'refresh': 7200, 'retry': 900, 'expire': 1209600, 'minttl': 86400}, {'name': 'routerprotocol.com', 'ns': 'ns-1568.awsdns-04.co.uk', 'mailbox': 'awsdns-hostmaster.amazon.com', 'serial': 1, 'refresh': 7200, 'retry': 900, 'expire': 1209600, 'minttl': 86400}, {'name': 'routerprotocol.com', 'ns': 'ns-1568.awsdns-04.co.uk', 'mailbox': 'awsdns-hostmaster.amazon.com', 'serial': 1, 'refresh': 7200, 'retry': 900, 'expire': 1209600, 'minttl': 86400}, {'name': 'routerprotocol.com', 'ns': 'ns-1568.awsdns-04.co.uk', 'mailbox': 'awsdns-hostmaster.amazon.com', 'serial': 1, 'refresh': 7200, 'retry': 900, 'expire': 1209600, 'minttl': 86400}, {'name': 'routerprotocol.com', 'ns': 'ns-1568.awsdns-04.co.uk', 'mailbox': 'awsdns-hostmaster.amazon.com', 'serial': 1, 'refresh': 7200, 'retry': 900, 'expire': 1209600, 'minttl': 86400}, {'name': 'routerprotocol.com', 'ns': 'ns-1568.awsdns-04.co.uk', 'mailbox': 'awsdns-hostmaster.amazon.com', 'serial': 1, 'refresh': 7200, 'retry': 900, 'expire': 1209600, 'minttl': 86400}",NOERROR,True,cloudfront,,,,,,
[x],portainer-alpha.routerprotocol.com,60,34.110.206.236,"{'name': 'routerprotocol.com', 'ns': 'ns-1568.awsdns-04.co.uk', 'mailbox': 'awsdns-hostmaster.amazon.com', 'serial': 1, 'refresh': 7200, 'retry': 900, 'expire': 1209600, 'minttl': 86400}, {'name': 'routerprotocol.com', 'ns': 'ns-1568.awsdns-04.co.uk', 'mailbox': 'awsdns-hostmaster.amazon.com', 'serial': 1, 'refresh': 7200, 'retry': 900, 'expire': 1209600, 'minttl': 86400}, {'name': 'routerprotocol.com', 'ns': 'ns-1568.awsdns-04.co.uk', 'mailbox': 'awsdns-hostmaster.amazon.com', 'serial': 1, 'refresh': 7200, 'retry': 900, 'expire': 1209600, 'minttl': 86400}, {'name': 'routerprotocol.com', 'ns': 'ns-1568.awsdns-04.co.uk', 'mailbox': 'awsdns-hostmaster.amazon.com', 'serial': 1, 'refresh': 7200, 'retry': 900, 'expire': 1209600, 'minttl': 86400}, {'name': 'routerprotocol.com', 'ns': 'ns-1568.awsdns-04.co.uk', 'mailbox': 'awsdns-hostmaster.amazon.com', 'serial': 1, 'refresh': 7200, 'retry': 900, 'expire': 1209600, 'minttl': 86400}, {'name': 'routerprotocol.com', 'ns': 'ns-1568.awsdns-04.co.uk', 'mailbox': 'awsdns-hostmaster.amazon.com', 'serial': 1, 'refresh': 7200, 'retry': 900, 'expire': 1209600, 'minttl': 86400}, {'name': 'routerprotocol.com', 'ns': 'ns-1568.awsdns-04.co.uk', 'mailbox': 'awsdns-hostmaster.amazon.com', 'serial': 1, 'refresh': 7200, 'retry': 900, 'expire': 1209600, 'minttl': 86400}",NOERROR,True,google,,,,,,
[x],portainer-mainnet.routerprotocol.com,60,34.120.247.213,"{'name': 'routerprotocol.com', 'ns': 'ns-1568.awsdns-04.co.uk', 'mailbox': 'awsdns-hostmaster.amazon.com', 'serial': 1, 'refresh': 7200, 'retry': 900, 'expire': 1209600, 'minttl': 86400}, {'name': 'routerprotocol.com', 'ns': 'ns-1568.awsdns-04.co.uk', 'mailbox': 'awsdns-hostmaster.amazon.com', 'serial': 1, 'refresh': 7200, 'retry': 900, 'expire': 1209600, 'minttl': 86400}, {'name': 'routerprotocol.com', 'ns': 'ns-1568.awsdns-04.co.uk', 'mailbox': 'awsdns-hostmaster.amazon.com', 'serial': 1, 'refresh': 7200, 'retry': 900, 'expire': 1209600, 'minttl': 86400}, {'name': 'routerprotocol.com', 'ns': 'ns-1568.awsdns-04.co.uk', 'mailbox': 'awsdns-hostmaster.amazon.com', 'serial': 1, 'refresh': 7200, 'retry': 900, 'expire': 1209600, 'minttl': 86400}, {'name': 'routerprotocol.com', 'ns': 'ns-1568.awsdns-04.co.uk', 'mailbox': 'awsdns-hostmaster.amazon.com', 'serial': 1, 'refresh': 7200, 'retry': 900, 'expire': 1209600, 'minttl': 86400}, {'name': 'routerprotocol.com', 'ns': 'ns-1568.awsdns-04.co.uk', 'mailbox': 'awsdns-hostmaster.amazon.com', 'serial': 1, 'refresh': 7200, 'retry': 900, 'expire': 1209600, 'minttl': 86400}, {'name': 'routerprotocol.com', 'ns': 'ns-1568.awsdns-04.co.uk', 'mailbox': 'awsdns-hostmaster.amazon.com', 'serial': 1, 'refresh': 7200, 'retry': 900, 'expire': 1209600, 'minttl': 86400}",NOERROR,True,google,,,,,,
[x],portainer-testnet.routerprotocol.com,900,,"{'name': 'routerprotocol.com', 'ns': 'ns-1568.awsdns-04.co.uk', 'mailbox': 'awsdns-hostmaster.amazon.com', 'serial': 1, 'refresh': 7200, 'retry': 900, 'expire': 1209600, 'minttl': 86400}, {'name': 'routerprotocol.com', 'ns': 'ns-1568.awsdns-04.co.uk', 'mailbox': 'awsdns-hostmaster.amazon.com', 'serial': 1, 'refresh': 7200, 'retry': 900, 'expire': 1209600, 'minttl': 86400}, {'name': 'routerprotocol.com', 'ns': 'ns-1568.awsdns-04.co.uk', 'mailbox': 'awsdns-hostmaster.amazon.com', 'serial': 1, 'refresh': 7200, 'retry': 900, 'expire': 1209600, 'minttl': 86400}, {'name': 'routerprotocol.com', 'ns': 'ns-1568.awsdns-04.co.uk', 'mailbox': 'awsdns-hostmaster.amazon.com', 'serial': 1, 'refresh': 7200, 'retry': 900, 'expire': 1209600, 'minttl': 86400}, {'name': 'routerprotocol.com', 'ns': 'ns-1568.awsdns-04.co.uk', 'mailbox': 'awsdns-hostmaster.amazon.com', 'serial': 1, 'refresh': 7200, 'retry': 900, 'expire': 1209600, 'minttl': 86400}, {'name': 'routerprotocol.com', 'ns': 'ns-1568.awsdns-04.co.uk', 'mailbox': 'awsdns-hostmaster.amazon.com', 'serial': 1, 'refresh': 7200, 'retry': 900, 'expire': 1209600, 'minttl': 86400}",NOERROR,True,google,,,,,,
[x],portal-testnet.routerprotocol.com,900,,"{'name': 'routerprotocol.com', 'ns': 'ns-1568.awsdns-04.co.uk', 'mailbox': 'awsdns-hostmaster.amazon.com', 'serial': 1, 'refresh': 7200, 'retry': 900, 'expire': 1209600, 'minttl': 86400}, {'name': 'routerprotocol.com', 'ns': 'ns-1568.awsdns-04.co.uk', 'mailbox': 'awsdns-hostmaster.amazon.com', 'serial': 1, 'refresh': 7200, 'retry': 900, 'expire': 1209600, 'minttl': 86400}, {'name': 'routerprotocol.com', 'ns': 'ns-1568.awsdns-04.co.uk', 'mailbox': 'awsdns-hostmaster.amazon.com', 'serial': 1, 'refresh': 7200, 'retry': 900, 'expire': 1209600, 'minttl': 86400}, {'name': 'routerprotocol.com', 'ns': 'ns-1568.awsdns-04.co.uk', 'mailbox': 'awsdns-hostmaster.amazon.com', 'serial': 1, 'refresh': 7200, 'retry': 900, 'expire': 1209600, 'minttl': 86400}, {'name': 'routerprotocol.com', 'ns': 'ns-1568.awsdns-04.co.uk', 'mailbox': 'awsdns-hostmaster.amazon.com', 'serial': 1, 'refresh': 7200, 'retry': 900, 'expire': 1209600, 'minttl': 86400}",NOERROR,True,cloudfront,,,,,,
[x],rabbit-rush-backend.routerprotocol.com,300,15.206.195.67,"{'name': 'routerprotocol.com', 'ns': 'ns-1568.awsdns-04.co.uk', 'mailbox': 'awsdns-hostmaster.amazon.com', 'serial': 1, 'refresh': 7200, 'retry': 900, 'expire': 1209600, 'minttl': 86400}, {'name': 'routerprotocol.com', 'ns': 'ns-1568.awsdns-04.co.uk', 'mailbox': 'awsdns-hostmaster.amazon.com', 'serial': 1, 'refresh': 7200, 'retry': 900, 'expire': 1209600, 'minttl': 86400}, {'name': 'routerprotocol.com', 'ns': 'ns-1568.awsdns-04.co.uk', 'mailbox': 'awsdns-hostmaster.amazon.com', 'serial': 1, 'refresh': 7200, 'retry': 900, 'expire': 1209600, 'minttl': 86400}, {'name': 'routerprotocol.com', 'ns': 'ns-1568.awsdns-04.co.uk', 'mailbox': 'awsdns-hostmaster.amazon.com', 'serial': 1, 'refresh': 7200, 'retry': 900, 'expire': 1209600, 'minttl': 86400}, {'name': 'routerprotocol.com', 'ns': 'ns-1568.awsdns-04.co.uk', 'mailbox': 'awsdns-hostmaster.amazon.com', 'serial': 1, 'refresh': 7200, 'retry': 900, 'expire': 1209600, 'minttl': 86400}, {'name': 'routerprotocol.com', 'ns': 'ns-1568.awsdns-04.co.uk', 'mailbox': 'awsdns-hostmaster.amazon.com', 'serial': 1, 'refresh': 7200, 'retry': 900, 'expire': 1209600, 'minttl': 86400}, {'name': 'routerprotocol.com', 'ns': 'ns-1568.awsdns-04.co.uk', 'mailbox': 'awsdns-hostmaster.amazon.com', 'serial': 1, 'refresh': 7200, 'retry': 900, 'expire': 1209600, 'minttl': 86400}",NOERROR,,,,,,,,
[x],rabbit-rush.routerprotocol.com,500,"13.32.145.19, 13.32.145.121, 13.32.145.55, 13.32.145.50","{'name': 'd2xbidru8sbrwe.cloudfront.net', 'ns': 'ns-935.awsdns-52.net', 'mailbox': 'awsdns-hostmaster.amazon.com', 'serial': 1, 'refresh': 7200, 'retry': 900, 'expire': 1209600, 'minttl': 86400}, {'name': 'd2xbidru8sbrwe.cloudfront.net', 'ns': 'ns-935.awsdns-52.net', 'mailbox': 'awsdns-hostmaster.amazon.com', 'serial': 1, 'refresh': 7200, 'retry': 900, 'expire': 1209600, 'minttl': 86400}, {'name': 'd2xbidru8sbrwe.cloudfront.net', 'ns': 'ns-935.awsdns-52.net', 'mailbox': 'awsdns-hostmaster.amazon.com', 'serial': 1, 'refresh': 7200, 'retry': 900, 'expire': 1209600, 'minttl': 86400}, {'name': 'd2xbidru8sbrwe.cloudfront.net', 'ns': 'ns-935.awsdns-52.net', 'mailbox': 'awsdns-hostmaster.amazon.com', 'serial': 1, 'refresh': 7200, 'retry': 900, 'expire': 1209600, 'minttl': 86400}",NOERROR,True,cloudfront,"ns-103.awsdns-12.com, ns-1072.awsdns-06.org, ns-1555.awsdns-02.co.uk, ns-935.awsdns-52.net",d2xbidru8sbrwe.cloudfront.net,"2600:9000:211a:8c00:11:112f:7f80:93a1, 2600:9000:211a:c200:11:112f:7f80:93a1, 2600:9000:211a:1400:11:112f:7f80:93a1, 2600:9000:211a:dc00:11:112f:7f80:93a1, 2600:9000:211a:fc00:11:112f:7f80:93a1, 2600:9000:211a:5c00:11:112f:7f80:93a1, 2600:9000:211a:9e00:11:112f:7f80:93a1, 2600:9000:211a:cc00:11:112f:7f80:93a1",,,
[x],router-testnet-portal.routerprotocol.com,300,15.206.195.67,"{'name': 'routerprotocol.com', 'ns': 'ns-1568.awsdns-04.co.uk', 'mailbox': 'awsdns-hostmaster.amazon.com', 'serial': 1, 'refresh': 7200, 'retry': 900, 'expire': 1209600, 'minttl': 86400}, {'name': 'routerprotocol.com', 'ns': 'ns-1568.awsdns-04.co.uk', 'mailbox': 'awsdns-hostmaster.amazon.com', 'serial': 1, 'refresh': 7200, 'retry': 900, 'expire': 1209600, 'minttl': 86400}, {'name': 'routerprotocol.com', 'ns': 'ns-1568.awsdns-04.co.uk', 'mailbox': 'awsdns-hostmaster.amazon.com', 'serial': 1, 'refresh': 7200, 'retry': 900, 'expire': 1209600, 'minttl': 86400}, {'name': 'routerprotocol.com', 'ns': 'ns-1568.awsdns-04.co.uk', 'mailbox': 'awsdns-hostmaster.amazon.com', 'serial': 1, 'refresh': 7200, 'retry': 900, 'expire': 1209600, 'minttl': 86400}, {'name': 'routerprotocol.com', 'ns': 'ns-1568.awsdns-04.co.uk', 'mailbox': 'awsdns-hostmaster.amazon.com', 'serial': 1, 'refresh': 7200, 'retry': 900, 'expire': 1209600, 'minttl': 86400}, {'name': 'routerprotocol.com', 'ns': 'ns-1568.awsdns-04.co.uk', 'mailbox': 'awsdns-hostmaster.amazon.com', 'serial': 1, 'refresh': 7200, 'retry': 900, 'expire': 1209600, 'minttl': 86400}",NOERROR,,,,,,,,
[x],routerprotocol.com,60,"99.86.91.112, 99.86.91.72, 99.86.91.3, 99.86.91.129","{'name': 'routerprotocol.com', 'ns': 'ns-1568.awsdns-04.co.uk', 'mailbox': 'awsdns-hostmaster.amazon.com', 'serial': 1, 'refresh': 7200, 'retry': 900, 'expire': 1209600, 'minttl': 86400}, {'name': 'routerprotocol.com', 'ns': 'ns-1568.awsdns-04.co.uk', 'mailbox': 'awsdns-hostmaster.amazon.com', 'serial': 1, 'refresh': 7200, 'retry': 900, 'expire': 1209600, 'minttl': 86400}",NOERROR,True,cloudfront,"ns-1132.awsdns-13.org, ns-1568.awsdns-04.co.uk, ns-58.awsdns-07.com, ns-933.awsdns-52.net",,,"google-site-verification=Zka1U752p7_3sorfm3XvQiI-40t-6pI3u2adu7uaQsM, google-site-verification=swdGBtapICCiHsLq5aDaxof0JBIj55T7eEvI2FEB_Lc, v=spf1 include:dc-aa8e722993._spfm.routerprotocol.com ~all","alt2.aspmx.l.google.com, alt4.aspmx.l.google.com, alt3.aspmx.l.google.com, alt1.aspmx.l.google.com, aspmx.l.google.com",
[x],sandbox.routerprotocol.com,60,"18.66.147.95, 18.66.147.44, 18.66.147.127, 18.66.147.73","{'name': 'routerprotocol.com', 'ns': 'ns-1568.awsdns-04.co.uk', 'mailbox': 'awsdns-hostmaster.amazon.com', 'serial': 1, 'refresh': 7200, 'retry': 900, 'expire': 1209600, 'minttl': 86400}, {'name': 'routerprotocol.com', 'ns': 'ns-1568.awsdns-04.co.uk', 'mailbox': 'awsdns-hostmaster.amazon.com', 'serial': 1, 'refresh': 7200, 'retry': 900, 'expire': 1209600, 'minttl': 86400}, {'name': 'routerprotocol.com', 'ns': 'ns-1568.awsdns-04.co.uk', 'mailbox': 'awsdns-hostmaster.amazon.com', 'serial': 1, 'refresh': 7200, 'retry': 900, 'expire': 1209600, 'minttl': 86400}, {'name': 'routerprotocol.com', 'ns': 'ns-1568.awsdns-04.co.uk', 'mailbox': 'awsdns-hostmaster.amazon.com', 'serial': 1, 'refresh': 7200, 'retry': 900, 'expire': 1209600, 'minttl': 86400}, {'name': 'routerprotocol.com', 'ns': 'ns-1568.awsdns-04.co.uk', 'mailbox': 'awsdns-hostmaster.amazon.com', 'serial': 1, 'refresh': 7200, 'retry': 900, 'expire': 1209600, 'minttl': 86400}",NOERROR,True,cloudfront,,,,,,
[x],sentry.evm.rpc.routerprotocol.com,60,34.93.181.100,"{'name': 'routerprotocol.com', 'ns': 'ns-1568.awsdns-04.co.uk', 'mailbox': 'awsdns-hostmaster.amazon.com', 'serial': 1, 'refresh': 7200, 'retry': 900, 'expire': 1209600, 'minttl': 86400}, {'name': 'routerprotocol.com', 'ns': 'ns-1568.awsdns-04.co.uk', 'mailbox': 'awsdns-hostmaster.amazon.com', 'serial': 1, 'refresh': 7200, 'retry': 900, 'expire': 1209600, 'minttl': 86400}, {'name': 'routerprotocol.com', 'ns': 'ns-1568.awsdns-04.co.uk', 'mailbox': 'awsdns-hostmaster.amazon.com', 'serial': 1, 'refresh': 7200, 'retry': 900, 'expire': 1209600, 'minttl': 86400}, {'name': 'routerprotocol.com', 'ns': 'ns-1568.awsdns-04.co.uk', 'mailbox': 'awsdns-hostmaster.amazon.com', 'serial': 1, 'refresh': 7200, 'retry': 900, 'expire': 1209600, 'minttl': 86400}, {'name': 'routerprotocol.com', 'ns': 'ns-1568.awsdns-04.co.uk', 'mailbox': 'awsdns-hostmaster.amazon.com', 'serial': 1, 'refresh': 7200, 'retry': 900, 'expire': 1209600, 'minttl': 86400}, {'name': 'routerprotocol.com', 'ns': 'ns-1568.awsdns-04.co.uk', 'mailbox': 'awsdns-hostmaster.amazon.com', 'serial': 1, 'refresh': 7200, 'retry': 900, 'expire': 1209600, 'minttl': 86400}",NOERROR,True,google,"ns-1132.awsdns-13.org, ns-1568.awsdns-04.co.uk, ns-58.awsdns-07.com, ns-933.awsdns-52.net",,,,,
[x],sentry.grpc.routerprotocol.com,60,34.93.181.100,"{'name': 'routerprotocol.com', 'ns': 'ns-1568.awsdns-04.co.uk', 'mailbox': 'awsdns-hostmaster.amazon.com', 'serial': 1, 'refresh': 7200, 'retry': 900, 'expire': 1209600, 'minttl': 86400}, {'name': 'routerprotocol.com', 'ns': 'ns-1568.awsdns-04.co.uk', 'mailbox': 'awsdns-hostmaster.amazon.com', 'serial': 1, 'refresh': 7200, 'retry': 900, 'expire': 1209600, 'minttl': 86400}, {'name': 'routerprotocol.com', 'ns': 'ns-1568.awsdns-04.co.uk', 'mailbox': 'awsdns-hostmaster.amazon.com', 'serial': 1, 'refresh': 7200, 'retry': 900, 'expire': 1209600, 'minttl': 86400}, {'name': 'routerprotocol.com', 'ns': 'ns-1568.awsdns-04.co.uk', 'mailbox': 'awsdns-hostmaster.amazon.com', 'serial': 1, 'refresh': 7200, 'retry': 900, 'expire': 1209600, 'minttl': 86400}, {'name': 'routerprotocol.com', 'ns': 'ns-1568.awsdns-04.co.uk', 'mailbox': 'awsdns-hostmaster.amazon.com', 'serial': 1, 'refresh': 7200, 'retry': 900, 'expire': 1209600, 'minttl': 86400}, {'name': 'routerprotocol.com', 'ns': 'ns-1568.awsdns-04.co.uk', 'mailbox': 'awsdns-hostmaster.amazon.com', 'serial': 1, 'refresh': 7200, 'retry': 900, 'expire': 1209600, 'minttl': 86400}",NOERROR,True,google,,,,,,
[x],sentry.grpcweb.routerprotocol.com,180,34.93.181.100,"{'name': 'routerprotocol.com', 'ns': 'ns-1568.awsdns-04.co.uk', 'mailbox': 'awsdns-hostmaster.amazon.com', 'serial': 1, 'refresh': 7200, 'retry': 900, 'expire': 1209600, 'minttl': 86400}, {'name': 'routerprotocol.com', 'ns': 'ns-1568.awsdns-04.co.uk', 'mailbox': 'awsdns-hostmaster.amazon.com', 'serial': 1, 'refresh': 7200, 'retry': 900, 'expire': 1209600, 'minttl': 86400}, {'name': 'routerprotocol.com', 'ns': 'ns-1568.awsdns-04.co.uk', 'mailbox': 'awsdns-hostmaster.amazon.com', 'serial': 1, 'refresh': 7200, 'retry': 900, 'expire': 1209600, 'minttl': 86400}, {'name': 'routerprotocol.com', 'ns': 'ns-1568.awsdns-04.co.uk', 'mailbox': 'awsdns-hostmaster.amazon.com', 'serial': 1, 'refresh': 7200, 'retry': 900, 'expire': 1209600, 'minttl': 86400}, {'name': 'routerprotocol.com', 'ns': 'ns-1568.awsdns-04.co.uk', 'mailbox': 'awsdns-hostmaster.amazon.com', 'serial': 1, 'refresh': 7200, 'retry': 900, 'expire': 1209600, 'minttl': 86400}, {'name': 'routerprotocol.com', 'ns': 'ns-1568.awsdns-04.co.uk', 'mailbox': 'awsdns-hostmaster.amazon.com', 'serial': 1, 'refresh': 7200, 'retry': 900, 'expire': 1209600, 'minttl': 86400}",NOERROR,True,google,,,,,,
[x],sentry.lcd.routerprotocol.com,900,,"{'name': 'routerprotocol.com', 'ns': 'ns-1568.awsdns-04.co.uk', 'mailbox': 'awsdns-hostmaster.amazon.com', 'serial': 1, 'refresh': 7200, 'retry': 900, 'expire': 1209600, 'minttl': 86400}, {'name': 'routerprotocol.com', 'ns': 'ns-1568.awsdns-04.co.uk', 'mailbox': 'awsdns-hostmaster.amazon.com', 'serial': 1, 'refresh': 7200, 'retry': 900, 'expire': 1209600, 'minttl': 86400}, {'name': 'routerprotocol.com', 'ns': 'ns-1568.awsdns-04.co.uk', 'mailbox': 'awsdns-hostmaster.amazon.com', 'serial': 1, 'refresh': 7200, 'retry': 900, 'expire': 1209600, 'minttl': 86400}, {'name': 'routerprotocol.com', 'ns': 'ns-1568.awsdns-04.co.uk', 'mailbox': 'awsdns-hostmaster.amazon.com', 'serial': 1, 'refresh': 7200, 'retry': 900, 'expire': 1209600, 'minttl': 86400}, {'name': 'routerprotocol.com', 'ns': 'ns-1568.awsdns-04.co.uk', 'mailbox': 'awsdns-hostmaster.amazon.com', 'serial': 1, 'refresh': 7200, 'retry': 900, 'expire': 1209600, 'minttl': 86400}",NOERROR,True,google,,,,,,
[x],sentry.tm.rpc.routerprotocol.com,60,34.93.181.100,"{'name': 'routerprotocol.com', 'ns': 'ns-1568.awsdns-04.co.uk', 'mailbox': 'awsdns-hostmaster.amazon.com', 'serial': 1, 'refresh': 7200, 'retry': 900, 'expire': 1209600, 'minttl': 86400}, {'name': 'routerprotocol.com', 'ns': 'ns-1568.awsdns-04.co.uk', 'mailbox': 'awsdns-hostmaster.amazon.com', 'serial': 1, 'refresh': 7200, 'retry': 900, 'expire': 1209600, 'minttl': 86400}, {'name': 'routerprotocol.com', 'ns': 'ns-1568.awsdns-04.co.uk', 'mailbox': 'awsdns-hostmaster.amazon.com', 'serial': 1, 'refresh': 7200, 'retry': 900, 'expire': 1209600, 'minttl': 86400}, {'name': 'routerprotocol.com', 'ns': 'ns-1568.awsdns-04.co.uk', 'mailbox': 'awsdns-hostmaster.amazon.com', 'serial': 1, 'refresh': 7200, 'retry': 900, 'expire': 1209600, 'minttl': 86400}, {'name': 'routerprotocol.com', 'ns': 'ns-1568.awsdns-04.co.uk', 'mailbox': 'awsdns-hostmaster.amazon.com', 'serial': 1, 'refresh': 7200, 'retry': 900, 'expire': 1209600, 'minttl': 86400}",NOERROR,True,google,,,,,,
[x],spacefarm.routerprotocol.com,55,"52.85.243.126, 52.85.243.95, 52.85.243.56, 52.85.243.118","{'name': 'routerprotocol.com', 'ns': 'ns-1568.awsdns-04.co.uk', 'mailbox': 'awsdns-hostmaster.amazon.com', 'serial': 1, 'refresh': 7200, 'retry': 900, 'expire': 1209600, 'minttl': 86400}, {'name': 'routerprotocol.com', 'ns': 'ns-1568.awsdns-04.co.uk', 'mailbox': 'awsdns-hostmaster.amazon.com', 'serial': 1, 'refresh': 7200, 'retry': 900, 'expire': 1209600, 'minttl': 86400}, {'name': 'routerprotocol.com', 'ns': 'ns-1568.awsdns-04.co.uk', 'mailbox': 'awsdns-hostmaster.amazon.com', 'serial': 1, 'refresh': 7200, 'retry': 900, 'expire': 1209600, 'minttl': 86400}, {'name': 'routerprotocol.com', 'ns': 'ns-1568.awsdns-04.co.uk', 'mailbox': 'awsdns-hostmaster.amazon.com', 'serial': 1, 'refresh': 7200, 'retry': 900, 'expire': 1209600, 'minttl': 86400}, {'name': 'routerprotocol.com', 'ns': 'ns-1568.awsdns-04.co.uk', 'mailbox': 'awsdns-hostmaster.amazon.com', 'serial': 1, 'refresh': 7200, 'retry': 900, 'expire': 1209600, 'minttl': 86400}, {'name': 'routerprotocol.com', 'ns': 'ns-1568.awsdns-04.co.uk', 'mailbox': 'awsdns-hostmaster.amazon.com', 'serial': 1, 'refresh': 7200, 'retry': 900, 'expire': 1209600, 'minttl': 86400}, {'name': 'routerprotocol.com', 'ns': 'ns-1568.awsdns-04.co.uk', 'mailbox': 'awsdns-hostmaster.amazon.com', 'serial': 1, 'refresh': 7200, 'retry': 900, 'expire': 1209600, 'minttl': 86400}",NOERROR,True,cloudfront,,,,,,
[x],station.routerprotocol.com,500,"18.165.140.114, 18.165.140.9, 18.165.140.56, 18.165.140.7","{'name': 'd2skithgbzrwhd.cloudfront.net', 'ns': 'ns-1354.awsdns-41.org', 'mailbox': 'awsdns-hostmaster.amazon.com', 'serial': 1, 'refresh': 7200, 'retry': 900, 'expire': 1209600, 'minttl': 86400}, {'name': 'd2skithgbzrwhd.cloudfront.net', 'ns': 'ns-1354.awsdns-41.org', 'mailbox': 'awsdns-hostmaster.amazon.com', 'serial': 1, 'refresh': 7200, 'retry': 900, 'expire': 1209600, 'minttl': 86400}",NOERROR,True,cloudfront,"ns-1354.awsdns-41.org, ns-1943.awsdns-50.co.uk, ns-292.awsdns-36.com, ns-850.awsdns-42.net",d2skithgbzrwhd.cloudfront.net,"2600:9000:2090:5e00:6:448b:c40:93a1, 2600:9000:2090:c00:6:448b:c40:93a1, 2600:9000:2090:b200:6:448b:c40:93a1, 2600:9000:2090:c600:6:448b:c40:93a1, 2600:9000:2090:2200:6:448b:c40:93a1, 2600:9000:2090:5800:6:448b:c40:93a1, 2600:9000:2090:a00:6:448b:c40:93a1, 2600:9000:2090:5600:6:448b:c40:93a1",,,
[x],sub-graph-aurora.routerprotocol.com,3600,54.251.235.25,"{'name': 'routerprotocol.com', 'ns': 'ns-1568.awsdns-04.co.uk', 'mailbox': 'awsdns-hostmaster.amazon.com', 'serial': 1, 'refresh': 7200, 'retry': 900, 'expire': 1209600, 'minttl': 86400}, {'name': 'routerprotocol.com', 'ns': 'ns-1568.awsdns-04.co.uk', 'mailbox': 'awsdns-hostmaster.amazon.com', 'serial': 1, 'refresh': 7200, 'retry': 900, 'expire': 1209600, 'minttl': 86400}, {'name': 'routerprotocol.com', 'ns': 'ns-1568.awsdns-04.co.uk', 'mailbox': 'awsdns-hostmaster.amazon.com', 'serial': 1, 'refresh': 7200, 'retry': 900, 'expire': 1209600, 'minttl': 86400}, {'name': 'routerprotocol.com', 'ns': 'ns-1568.awsdns-04.co.uk', 'mailbox': 'awsdns-hostmaster.amazon.com', 'serial': 1, 'refresh': 7200, 'retry': 900, 'expire': 1209600, 'minttl': 86400}, {'name': 'routerprotocol.com', 'ns': 'ns-1568.awsdns-04.co.uk', 'mailbox': 'awsdns-hostmaster.amazon.com', 'serial': 1, 'refresh': 7200, 'retry': 900, 'expire': 1209600, 'minttl': 86400}, {'name': 'routerprotocol.com', 'ns': 'ns-1568.awsdns-04.co.uk', 'mailbox': 'awsdns-hostmaster.amazon.com', 'serial': 1, 'refresh': 7200, 'retry': 900, 'expire': 1209600, 'minttl': 86400}",NOERROR,,,,,,,,
[x],testnet-eu.forwarder-alerter.routerprotocol.com,300,13.233.244.39,"{'name': 'routerprotocol.com', 'ns': 'ns-1568.awsdns-04.co.uk', 'mailbox': 'awsdns-hostmaster.amazon.com', 'serial': 1, 'refresh': 7200, 'retry': 900, 'expire': 1209600, 'minttl': 86400}, {'name': 'routerprotocol.com', 'ns': 'ns-1568.awsdns-04.co.uk', 'mailbox': 'awsdns-hostmaster.amazon.com', 'serial': 1, 'refresh': 7200, 'retry': 900, 'expire': 1209600, 'minttl': 86400}, {'name': 'routerprotocol.com', 'ns': 'ns-1568.awsdns-04.co.uk', 'mailbox': 'awsdns-hostmaster.amazon.com', 'serial': 1, 'refresh': 7200, 'retry': 900, 'expire': 1209600, 'minttl': 86400}, {'name': 'routerprotocol.com', 'ns': 'ns-1568.awsdns-04.co.uk', 'mailbox': 'awsdns-hostmaster.amazon.com', 'serial': 1, 'refresh': 7200, 'retry': 900, 'expire': 1209600, 'minttl': 86400}, {'name': 'routerprotocol.com', 'ns': 'ns-1568.awsdns-04.co.uk', 'mailbox': 'awsdns-hostmaster.amazon.com', 'serial': 1, 'refresh': 7200, 'retry': 900, 'expire': 1209600, 'minttl': 86400}, {'name': 'routerprotocol.com', 'ns': 'ns-1568.awsdns-04.co.uk', 'mailbox': 'awsdns-hostmaster.amazon.com', 'serial': 1, 'refresh': 7200, 'retry': 900, 'expire': 1209600, 'minttl': 86400}",NOERROR,,,,,,,,
[x],testnet-jenkins.routerprotocol.com,300,34.100.174.112,"{'name': 'routerprotocol.com', 'ns': 'ns-1568.awsdns-04.co.uk', 'mailbox': 'awsdns-hostmaster.amazon.com', 'serial': 1, 'refresh': 7200, 'retry': 900, 'expire': 1209600, 'minttl': 86400}, {'name': 'routerprotocol.com', 'ns': 'ns-1568.awsdns-04.co.uk', 'mailbox': 'awsdns-hostmaster.amazon.com', 'serial': 1, 'refresh': 7200, 'retry': 900, 'expire': 1209600, 'minttl': 86400}, {'name': 'routerprotocol.com', 'ns': 'ns-1568.awsdns-04.co.uk', 'mailbox': 'awsdns-hostmaster.amazon.com', 'serial': 1, 'refresh': 7200, 'retry': 900, 'expire': 1209600, 'minttl': 86400}, {'name': 'routerprotocol.com', 'ns': 'ns-1568.awsdns-04.co.uk', 'mailbox': 'awsdns-hostmaster.amazon.com', 'serial': 1, 'refresh': 7200, 'retry': 900, 'expire': 1209600, 'minttl': 86400}, {'name': 'routerprotocol.com', 'ns': 'ns-1568.awsdns-04.co.uk', 'mailbox': 'awsdns-hostmaster.amazon.com', 'serial': 1, 'refresh': 7200, 'retry': 900, 'expire': 1209600, 'minttl': 86400}, {'name': 'routerprotocol.com', 'ns': 'ns-1568.awsdns-04.co.uk', 'mailbox': 'awsdns-hostmaster.amazon.com', 'serial': 1, 'refresh': 7200, 'retry': 900, 'expire': 1209600, 'minttl': 86400}",NOERROR,True,google,,,,,,
[x],testnet.routerprotocol.com,295,"172.66.44.112, 172.66.47.144","{'name': 'uxdao-router.pages.dev', 'ns': 'maria.ns.cloudflare.com', 'mailbox': 'dns.cloudflare.com', 'serial': 2338843753, 'refresh': 10000, 'retry': 2400, 'expire': 604800, 'minttl': 1800}, {'name': 'uxdao-router.pages.dev', 'ns': 'maria.ns.cloudflare.com', 'mailbox': 'dns.cloudflare.com', 'serial': 2338843753, 'refresh': 10000, 'retry': 2400, 'expire': 604800, 'minttl': 1800}, {'name': 'uxdao-router.pages.dev', 'ns': 'maria.ns.cloudflare.com', 'mailbox': 'dns.cloudflare.com', 'serial': 2338843753, 'refresh': 10000, 'retry': 2400, 'expire': 604800, 'minttl': 1800}",NOERROR,,,"maria.ns.cloudflare.com, mario.ns.cloudflare.com",uxdao-router.pages.dev,"2606:4700:310c::ac42:2f90, 2606:4700:310c::ac42:2c70",,,
[x],texchange.routerprotocol.com,53,"3.164.230.21, 3.164.230.5, 3.164.230.42, 3.164.230.16","{'name': 'routerprotocol.com', 'ns': 'ns-1568.awsdns-04.co.uk', 'mailbox': 'awsdns-hostmaster.amazon.com', 'serial': 1, 'refresh': 7200, 'retry': 900, 'expire': 1209600, 'minttl': 86400}, {'name': 'routerprotocol.com', 'ns': 'ns-1568.awsdns-04.co.uk', 'mailbox': 'awsdns-hostmaster.amazon.com', 'serial': 1, 'refresh': 7200, 'retry': 900, 'expire': 1209600, 'minttl': 86400}, {'name': 'routerprotocol.com', 'ns': 'ns-1568.awsdns-04.co.uk', 'mailbox': 'awsdns-hostmaster.amazon.com', 'serial': 1, 'refresh': 7200, 'retry': 900, 'expire': 1209600, 'minttl': 86400}, {'name': 'routerprotocol.com', 'ns': 'ns-1568.awsdns-04.co.uk', 'mailbox': 'awsdns-hostmaster.amazon.com', 'serial': 1, 'refresh': 7200, 'retry': 900, 'expire': 1209600, 'minttl': 86400}, {'name': 'routerprotocol.com', 'ns': 'ns-1568.awsdns-04.co.uk', 'mailbox': 'awsdns-hostmaster.amazon.com', 'serial': 1, 'refresh': 7200, 'retry': 900, 'expire': 1209600, 'minttl': 86400}",NOERROR,True,cloudfront,,,,,,
[x],tmrpc.routerprotocol.com,300,34.96.83.145,"{'name': 'routerprotocol.com', 'ns': 'ns-1568.awsdns-04.co.uk', 'mailbox': 'awsdns-hostmaster.amazon.com', 'serial': 1, 'refresh': 7200, 'retry': 900, 'expire': 1209600, 'minttl': 86400}, {'name': 'routerprotocol.com', 'ns': 'ns-1568.awsdns-04.co.uk', 'mailbox': 'awsdns-hostmaster.amazon.com', 'serial': 1, 'refresh': 7200, 'retry': 900, 'expire': 1209600, 'minttl': 86400}, {'name': 'routerprotocol.com', 'ns': 'ns-1568.awsdns-04.co.uk', 'mailbox': 'awsdns-hostmaster.amazon.com', 'serial': 1, 'refresh': 7200, 'retry': 900, 'expire': 1209600, 'minttl': 86400}, {'name': 'routerprotocol.com', 'ns': 'ns-1568.awsdns-04.co.uk', 'mailbox': 'awsdns-hostmaster.amazon.com', 'serial': 1, 'refresh': 7200, 'retry': 900, 'expire': 1209600, 'minttl': 86400}, {'name': 'routerprotocol.com', 'ns': 'ns-1568.awsdns-04.co.uk', 'mailbox': 'awsdns-hostmaster.amazon.com', 'serial': 1, 'refresh': 7200, 'retry': 900, 'expire': 1209600, 'minttl': 86400}, {'name': 'routerprotocol.com', 'ns': 'ns-1568.awsdns-04.co.uk', 'mailbox': 'awsdns-hostmaster.amazon.com', 'serial': 1, 'refresh': 7200, 'retry': 900, 'expire': 1209600, 'minttl': 86400}",NOERROR,True,google,,,,,,
[x],ui-graph-aurora.routerprotocol.com,3600,54.251.235.25,"{'name': 'routerprotocol.com', 'ns': 'ns-1568.awsdns-04.co.uk', 'mailbox': 'awsdns-hostmaster.amazon.com', 'serial': 1, 'refresh': 7200, 'retry': 900, 'expire': 1209600, 'minttl': 86400}, {'name': 'routerprotocol.com', 'ns': 'ns-1568.awsdns-04.co.uk', 'mailbox': 'awsdns-hostmaster.amazon.com', 'serial': 1, 'refresh': 7200, 'retry': 900, 'expire': 1209600, 'minttl': 86400}, {'name': 'routerprotocol.com', 'ns': 'ns-1568.awsdns-04.co.uk', 'mailbox': 'awsdns-hostmaster.amazon.com', 'serial': 1, 'refresh': 7200, 'retry': 900, 'expire': 1209600, 'minttl': 86400}, {'name': 'routerprotocol.com', 'ns': 'ns-1568.awsdns-04.co.uk', 'mailbox': 'awsdns-hostmaster.amazon.com', 'serial': 1, 'refresh': 7200, 'retry': 900, 'expire': 1209600, 'minttl': 86400}, {'name': 'routerprotocol.com', 'ns': 'ns-1568.awsdns-04.co.uk', 'mailbox': 'awsdns-hostmaster.amazon.com', 'serial': 1, 'refresh': 7200, 'retry': 900, 'expire': 1209600, 'minttl': 86400}, {'name': 'routerprotocol.com', 'ns': 'ns-1568.awsdns-04.co.uk', 'mailbox': 'awsdns-hostmaster.amazon.com', 'serial': 1, 'refresh': 7200, 'retry': 900, 'expire': 1209600, 'minttl': 86400}, {'name': 'routerprotocol.com', 'ns': 'ns-1568.awsdns-04.co.uk', 'mailbox': 'awsdns-hostmaster.amazon.com', 'serial': 1, 'refresh': 7200, 'retry': 900, 'expire': 1209600, 'minttl': 86400}",NOERROR,,,,,,,,
[x],usdc.routerprotocol.com,500,"108.156.22.64, 108.156.22.105, 108.156.22.27, 108.156.22.79","{'name': 'd2xqvay0vaq6l3.cloudfront.net', 'ns': 'ns-1308.awsdns-35.org', 'mailbox': 'awsdns-hostmaster.amazon.com', 'serial': 1, 'refresh': 7200, 'retry': 900, 'expire': 1209600, 'minttl': 86400}, {'name': 'd2xqvay0vaq6l3.cloudfront.net', 'ns': 'ns-1308.awsdns-35.org', 'mailbox': 'awsdns-hostmaster.amazon.com', 'serial': 1, 'refresh': 7200, 'retry': 900, 'expire': 1209600, 'minttl': 86400}, {'name': 'd2xqvay0vaq6l3.cloudfront.net', 'ns': 'ns-1308.awsdns-35.org', 'mailbox': 'awsdns-hostmaster.amazon.com', 'serial': 1, 'refresh': 7200, 'retry': 900, 'expire': 1209600, 'minttl': 86400}, {'name': 'd2xqvay0vaq6l3.cloudfront.net', 'ns': 'ns-1308.awsdns-35.org', 'mailbox': 'awsdns-hostmaster.amazon.com', 'serial': 1, 'refresh': 7200, 'retry': 900, 'expire': 1209600, 'minttl': 86400}",NOERROR,True,cloudfront,"ns-1308.awsdns-35.org, ns-1749.awsdns-26.co.uk, ns-189.awsdns-23.com, ns-807.awsdns-36.net",d2xqvay0vaq6l3.cloudfront.net,,,,
[x],uxdao.routerprotocol.com,900,,"{'name': 'routerprotocol.com', 'ns': 'ns-1568.awsdns-04.co.uk', 'mailbox': 'awsdns-hostmaster.amazon.com', 'serial': 1, 'refresh': 7200, 'retry': 900, 'expire': 1209600, 'minttl': 86400}, {'name': 'routerprotocol.com', 'ns': 'ns-1568.awsdns-04.co.uk', 'mailbox': 'awsdns-hostmaster.amazon.com', 'serial': 1, 'refresh': 7200, 'retry': 900, 'expire': 1209600, 'minttl': 86400}, {'name': 'routerprotocol.com', 'ns': 'ns-1568.awsdns-04.co.uk', 'mailbox': 'awsdns-hostmaster.amazon.com', 'serial': 1, 'refresh': 7200, 'retry': 900, 'expire': 1209600, 'minttl': 86400}, {'name': 'routerprotocol.com', 'ns': 'ns-1568.awsdns-04.co.uk', 'mailbox': 'awsdns-hostmaster.amazon.com', 'serial': 1, 'refresh': 7200, 'retry': 900, 'expire': 1209600, 'minttl': 86400}, {'name': 'routerprotocol.com', 'ns': 'ns-1568.awsdns-04.co.uk', 'mailbox': 'awsdns-hostmaster.amazon.com', 'serial': 1, 'refresh': 7200, 'retry': 900, 'expire': 1209600, 'minttl': 86400}, {'name': 'routerprotocol.com', 'ns': 'ns-1568.awsdns-04.co.uk', 'mailbox': 'awsdns-hostmaster.amazon.com', 'serial': 1, 'refresh': 7200, 'retry': 900, 'expire': 1209600, 'minttl': 86400}",NOERROR,,,,,,,,
[x],v1.docs.routerprotocol.com,2479,,"{'name': 'gitbook.io', 'ns': 'dahlia.ns.cloudflare.com', 'mailbox': 'dns.cloudflare.com', 'serial': 2338377290, 'refresh': 10000, 'retry': 2400, 'expire': 604800, 'minttl': 1800}, {'name': 'gitbook.io', 'ns': 'dahlia.ns.cloudflare.com', 'mailbox': 'dns.cloudflare.com', 'serial': 2338377290, 'refresh': 10000, 'retry': 2400, 'expire': 604800, 'minttl': 1800}, {'name': 'gitbook.io', 'ns': 'dahlia.ns.cloudflare.com', 'mailbox': 'dns.cloudflare.com', 'serial': 2338377290, 'refresh': 10000, 'retry': 2400, 'expire': 604800, 'minttl': 1800}",NOERROR,,,"ns-1132.awsdns-13.org, ns-1568.awsdns-04.co.uk, ns-58.awsdns-07.com, ns-933.awsdns-52.net",4bb95c49e4-hosting.gitbook.io,"2a06:98c1:3122:e000::5, 2a06:98c1:3123:e000::5",,,"digicert.com, letsencrypt.org, pki.goog"
[x],v2.routerprotocol.com,60,"13.33.187.54, 13.33.187.88, 13.33.187.125, 13.33.187.2","{'name': 'routerprotocol.com', 'ns': 'ns-1568.awsdns-04.co.uk', 'mailbox': 'awsdns-hostmaster.amazon.com', 'serial': 1, 'refresh': 7200, 'retry': 900, 'expire': 1209600, 'minttl': 86400}, {'name': 'routerprotocol.com', 'ns': 'ns-1568.awsdns-04.co.uk', 'mailbox': 'awsdns-hostmaster.amazon.com', 'serial': 1, 'refresh': 7200, 'retry': 900, 'expire': 1209600, 'minttl': 86400}, {'name': 'routerprotocol.com', 'ns': 'ns-1568.awsdns-04.co.uk', 'mailbox': 'awsdns-hostmaster.amazon.com', 'serial': 1, 'refresh': 7200, 'retry': 900, 'expire': 1209600, 'minttl': 86400}, {'name': 'routerprotocol.com', 'ns': 'ns-1568.awsdns-04.co.uk', 'mailbox': 'awsdns-hostmaster.amazon.com', 'serial': 1, 'refresh': 7200, 'retry': 900, 'expire': 1209600, 'minttl': 86400}, {'name': 'routerprotocol.com', 'ns': 'ns-1568.awsdns-04.co.uk', 'mailbox': 'awsdns-hostmaster.amazon.com', 'serial': 1, 'refresh': 7200, 'retry': 900, 'expire': 1209600, 'minttl': 86400}",NOERROR,True,cloudfront,,,,,,
[x],vote.routerprotocol.com,3600,169.150.247.36,"{'name': 'snapshotpage.b-cdn.net', 'ns': 'ns1.bunnydns.com', 'mailbox': 'hostmaster.bunnydns.com', 'serial': 2020766126, 'refresh': 7200, 'retry': 900, 'expire': 1209600, 'minttl': 86400}, {'name': 'snapshotpage.b-cdn.net', 'ns': 'ns1.bunnydns.com', 'mailbox': 'hostmaster.bunnydns.com', 'serial': 2020766126, 'refresh': 7200, 'retry': 900, 'expire': 1209600, 'minttl': 86400}, {'name': 'snapshotpage.b-cdn.net', 'ns': 'ns1.bunnydns.com', 'mailbox': 'hostmaster.bunnydns.com', 'serial': 2020766126, 'refresh': 7200, 'retry': 900, 'expire': 1209600, 'minttl': 86400}, {'name': 'snapshotpage.b-cdn.net', 'ns': 'ns1.bunnydns.com', 'mailbox': 'hostmaster.bunnydns.com', 'serial': 2020766126, 'refresh': 7200, 'retry': 900, 'expire': 1209600, 'minttl': 86400}, {'name': 'snapshotpage.b-cdn.net', 'ns': 'ns1.bunnydns.com', 'mailbox': 'hostmaster.bunnydns.com', 'serial': 2020766126, 'refresh': 7200, 'retry': 900, 'expire': 1209600, 'minttl': 86400}",NOERROR,,,,snapshotpage.b-cdn.net,2400:52e0:1e00::1081:1,,,
[x],www.routerprotocol.com,60,"108.156.22.6, 108.156.22.110, 108.156.22.44, 108.156.22.115","{'name': 'routerprotocol.com', 'ns': 'ns-1568.awsdns-04.co.uk', 'mailbox': 'awsdns-hostmaster.amazon.com', 'serial': 1, 'refresh': 7200, 'retry': 900, 'expire': 1209600, 'minttl': 86400}, {'name': 'routerprotocol.com', 'ns': 'ns-1568.awsdns-04.co.uk', 'mailbox': 'awsdns-hostmaster.amazon.com', 'serial': 1, 'refresh': 7200, 'retry': 900, 'expire': 1209600, 'minttl': 86400}, {'name': 'routerprotocol.com', 'ns': 'ns-1568.awsdns-04.co.uk', 'mailbox': 'awsdns-hostmaster.amazon.com', 'serial': 1, 'refresh': 7200, 'retry': 900, 'expire': 1209600, 'minttl': 86400}, {'name': 'routerprotocol.com', 'ns': 'ns-1568.awsdns-04.co.uk', 'mailbox': 'awsdns-hostmaster.amazon.com', 'serial': 1, 'refresh': 7200, 'retry': 900, 'expire': 1209600, 'minttl': 86400}, {'name': 'routerprotocol.com', 'ns': 'ns-1568.awsdns-04.co.uk', 'mailbox': 'awsdns-hostmaster.amazon.com', 'serial': 1, 'refresh': 7200, 'retry': 900, 'expire': 1209600, 'minttl': 86400}, {'name': 'routerprotocol.com', 'ns': 'ns-1568.awsdns-04.co.uk', 'mailbox': 'awsdns-hostmaster.amazon.com', 'serial': 1, 'refresh': 7200, 'retry': 900, 'expire': 1209600, 'minttl': 86400}, {'name': 'routerprotocol.com', 'ns': 'ns-1568.awsdns-04.co.uk', 'mailbox': 'awsdns-hostmaster.amazon.com', 'serial': 1, 'refresh': 7200, 'retry': 900, 'expire': 1209600, 'minttl': 86400}",NOERROR,True,cloudfront,,,,,,
,185-129.mujs.com,10800,184.73.189.105,"{'name': 'mujs.com', 'ns': 'ns1.gandi.net', 'mailbox': 'hostmaster.gandi.net', 'serial': 1716422400, 'refresh': 10800, 'retry': 3600, 'expire': 604800, 'minttl': 10800}, {'name': 'mujs.com', 'ns': 'ns1.gandi.net', 'mailbox': 'hostmaster.gandi.net', 'serial': 1716422400, 'refresh': 10800, 'retry': 3600, 'expire': 604800, 'minttl': 10800}, {'name': 'mujs.com', 'ns': 'ns1.gandi.net', 'mailbox': 'hostmaster.gandi.net', 'serial': 1716422400, 'refresh': 10800, 'retry': 3600, 'expire': 604800, 'minttl': 10800}, {'name': 'mujs.com', 'ns': 'ns1.gandi.net', 'mailbox': 'hostmaster.gandi.net', 'serial': 1716422400, 'refresh': 10800, 'retry': 3600, 'expire': 604800, 'minttl': 10800}, {'name': 'mujs.com', 'ns': 'ns1.gandi.net', 'mailbox': 'hostmaster.gandi.net', 'serial': 1716422400, 'refresh': 10800, 'retry': 3600, 'expire': 604800, 'minttl': 10800}, {'name': 'mujs.com', 'ns': 'ns1.gandi.net', 'mailbox': 'hostmaster.gandi.net', 'serial': 1716422400, 'refresh': 10800, 'retry': 3600, 'expire': 604800, 'minttl': 10800}, {'name': 'mujs.com', 'ns': 'ns1.gandi.net', 'mailbox': 'hostmaster.gandi.net', 'serial': 1716422400, 'refresh': 10800, 'retry': 3600, 'expire': 604800, 'minttl': 10800}",NOERROR,,,,,,,,
,457-69.kanaweb.mujs.com,3585,,"{'name': 'mujs.com', 'ns': 'ns1.gandi.net', 'mailbox': 'hostmaster.gandi.net', 'serial': 1716422400, 'refresh': 10800, 'retry': 3600, 'expire': 604800, 'minttl': 10800}, {'name': 'mujs.com', 'ns': 'ns1.gandi.net', 'mailbox': 'hostmaster.gandi.net', 'serial': 1716422400, 'refresh': 10800, 'retry': 3600, 'expire': 604800, 'minttl': 10800}, {'name': 'mujs.com', 'ns': 'ns1.gandi.net', 'mailbox': 'hostmaster.gandi.net', 'serial': 1716422400, 'refresh': 10800, 'retry': 3600, 'expire': 604800, 'minttl': 10800}, {'name': 'mujs.com', 'ns': 'ns1.gandi.net', 'mailbox': 'hostmaster.gandi.net', 'serial': 1716422400, 'refresh': 10800, 'retry': 3600, 'expire': 604800, 'minttl': 10800}, {'name': 'mujs.com', 'ns': 'ns1.gandi.net', 'mailbox': 'hostmaster.gandi.net', 'serial': 1716422400, 'refresh': 10800, 'retry': 3600, 'expire': 604800, 'minttl': 10800}, {'name': 'mujs.com', 'ns': 'ns1.gandi.net', 'mailbox': 'hostmaster.gandi.net', 'serial': 1716422400, 'refresh': 10800, 'retry': 3600, 'expire': 604800, 'minttl': 10800}",NOERROR,,,,,,,,
,4c52.assistirbesouroazulfilmecompletogratis1.mujs.com,10800,184.73.189.105,"{'name': 'mujs.com', 'ns': 'ns1.gandi.net', 'mailbox': 'hostmaster.gandi.net', 'serial': 1716422400, 'refresh': 10800, 'retry': 3600, 'expire': 604800, 'minttl': 10800}, {'name': 'mujs.com', 'ns': 'ns1.gandi.net', 'mailbox': 'hostmaster.gandi.net', 'serial': 1716422400, 'refresh': 10800, 'retry': 3600, 'expire': 604800, 'minttl': 10800}, {'name': 'mujs.com', 'ns': 'ns1.gandi.net', 'mailbox': 'hostmaster.gandi.net', 'serial': 1716422400, 'refresh': 10800, 'retry': 3600, 'expire': 604800, 'minttl': 10800}, {'name': 'mujs.com', 'ns': 'ns1.gandi.net', 'mailbox': 'hostmaster.gandi.net', 'serial': 1716422400, 'refresh': 10800, 'retry': 3600, 'expire': 604800, 'minttl': 10800}, {'name': 'mujs.com', 'ns': 'ns1.gandi.net', 'mailbox': 'hostmaster.gandi.net', 'serial': 1716422400, 'refresh': 10800, 'retry': 3600, 'expire': 604800, 'minttl': 10800}, {'name': 'mujs.com', 'ns': 'ns1.gandi.net', 'mailbox': 'hostmaster.gandi.net', 'serial': 1716422400, 'refresh': 10800, 'retry': 3600, 'expire': 604800, 'minttl': 10800}, {'name': 'mujs.com', 'ns': 'ns1.gandi.net', 'mailbox': 'hostmaster.gandi.net', 'serial': 1716422400, 'refresh': 10800, 'retry': 3600, 'expire': 604800, 'minttl': 10800}",NOERROR,,,,,,,,
,4ce6.assistirbesouroazulfilmecompletogratis1.mujs.com,10800,,"{'name': 'mujs.com', 'ns': 'ns1.gandi.net', 'mailbox': 'hostmaster.gandi.net', 'serial': 1716422400, 'refresh': 10800, 'retry': 3600, 'expire': 604800, 'minttl': 10800}, {'name': 'mujs.com', 'ns': 'ns1.gandi.net', 'mailbox': 'hostmaster.gandi.net', 'serial': 1716422400, 'refresh': 10800, 'retry': 3600, 'expire': 604800, 'minttl': 10800}, {'name': 'mujs.com', 'ns': 'ns1.gandi.net', 'mailbox': 'hostmaster.gandi.net', 'serial': 1716422400, 'refresh': 10800, 'retry': 3600, 'expire': 604800, 'minttl': 10800}, {'name': 'mujs.com', 'ns': 'ns1.gandi.net', 'mailbox': 'hostmaster.gandi.net', 'serial': 1716422400, 'refresh': 10800, 'retry': 3600, 'expire': 604800, 'minttl': 10800}, {'name': 'mujs.com', 'ns': 'ns1.gandi.net', 'mailbox': 'hostmaster.gandi.net', 'serial': 1716422400, 'refresh': 10800, 'retry': 3600, 'expire': 604800, 'minttl': 10800}, {'name': 'mujs.com', 'ns': 'ns1.gandi.net', 'mailbox': 'hostmaster.gandi.net', 'serial': 1716422400, 'refresh': 10800, 'retry': 3600, 'expire': 604800, 'minttl': 10800}, {'name': 'mujs.com', 'ns': 'ns1.gandi.net', 'mailbox': 'hostmaster.gandi.net', 'serial': 1716422400, 'refresh': 10800, 'retry': 3600, 'expire': 604800, 'minttl': 10800}",NOERROR,,,,,,,,
,58-9-0.kanaweb.mujs.com,10800,184.73.189.105,"{'name': 'mujs.com', 'ns': 'ns1.gandi.net', 'mailbox': 'hostmaster.gandi.net', 'serial': 1716422400, 'refresh': 10800, 'retry': 3600, 'expire': 604800, 'minttl': 10800}, {'name': 'mujs.com', 'ns': 'ns1.gandi.net', 'mailbox': 'hostmaster.gandi.net', 'serial': 1716422400, 'refresh': 10800, 'retry': 3600, 'expire': 604800, 'minttl': 10800}, {'name': 'mujs.com', 'ns': 'ns1.gandi.net', 'mailbox': 'hostmaster.gandi.net', 'serial': 1716422400, 'refresh': 10800, 'retry': 3600, 'expire': 604800, 'minttl': 10800}, {'name': 'mujs.com', 'ns': 'ns1.gandi.net', 'mailbox': 'hostmaster.gandi.net', 'serial': 1716422400, 'refresh': 10800, 'retry': 3600, 'expire': 604800, 'minttl': 10800}, {'name': 'mujs.com', 'ns': 'ns1.gandi.net', 'mailbox': 'hostmaster.gandi.net', 'serial': 1716422400, 'refresh': 10800, 'retry': 3600, 'expire': 604800, 'minttl': 10800}, {'name': 'mujs.com', 'ns': 'ns1.gandi.net', 'mailbox': 'hostmaster.gandi.net', 'serial': 1716422400, 'refresh': 10800, 'retry': 3600, 'expire': 604800, 'minttl': 10800}, {'name': 'mujs.com', 'ns': 'ns1.gandi.net', 'mailbox': 'hostmaster.gandi.net', 'serial': 1716422400, 'refresh': 10800, 'retry': 3600, 'expire': 604800, 'minttl': 10800}",NOERROR,,,,,,,,
,737oienginx.kanaweb.mujs.com,10800,184.73.189.105,"{'name': 'mujs.com', 'ns': 'ns1.gandi.net', 'mailbox': 'hostmaster.gandi.net', 'serial': 1716422400, 'refresh': 10800, 'retry': 3600, 'expire': 604800, 'minttl': 10800}, {'name': 'mujs.com', 'ns': 'ns1.gandi.net', 'mailbox': 'hostmaster.gandi.net', 'serial': 1716422400, 'refresh': 10800, 'retry': 3600, 'expire': 604800, 'minttl': 10800}, {'name': 'mujs.com', 'ns': 'ns1.gandi.net', 'mailbox': 'hostmaster.gandi.net', 'serial': 1716422400, 'refresh': 10800, 'retry': 3600, 'expire': 604800, 'minttl': 10800}, {'name': 'mujs.com', 'ns': 'ns1.gandi.net', 'mailbox': 'hostmaster.gandi.net', 'serial': 1716422400, 'refresh': 10800, 'retry': 3600, 'expire': 604800, 'minttl': 10800}, {'name': 'mujs.com', 'ns': 'ns1.gandi.net', 'mailbox': 'hostmaster.gandi.net', 'serial': 1716422400, 'refresh': 10800, 'retry': 3600, 'expire': 604800, 'minttl': 10800}, {'name': 'mujs.com', 'ns': 'ns1.gandi.net', 'mailbox': 'hostmaster.gandi.net', 'serial': 1716422400, 'refresh': 10800, 'retry': 3600, 'expire': 604800, 'minttl': 10800}",NOERROR,,,,,,,,
,araignee-de-noel.mujs.com,10800,184.73.189.105,"{'name': 'mujs.com', 'ns': 'ns1.gandi.net', 'mailbox': 'hostmaster.gandi.net', 'serial': 1716422400, 'refresh': 10800, 'retry': 3600, 'expire': 604800, 'minttl': 10800}, {'name': 'mujs.com', 'ns': 'ns1.gandi.net', 'mailbox': 'hostmaster.gandi.net', 'serial': 1716422400, 'refresh': 10800, 'retry': 3600, 'expire': 604800, 'minttl': 10800}, {'name': 'mujs.com', 'ns': 'ns1.gandi.net', 'mailbox': 'hostmaster.gandi.net', 'serial': 1716422400, 'refresh': 10800, 'retry': 3600, 'expire': 604800, 'minttl': 10800}, {'name': 'mujs.com', 'ns': 'ns1.gandi.net', 'mailbox': 'hostmaster.gandi.net', 'serial': 1716422400, 'refresh': 10800, 'retry': 3600, 'expire': 604800, 'minttl': 10800}",NOERROR,,,,,,,,
,arakichi.mujs.com,10800,184.73.189.105,"{'name': 'mujs.com', 'ns': 'ns1.gandi.net', 'mailbox': 'hostmaster.gandi.net', 'serial': 1716422400, 'refresh': 10800, 'retry': 3600, 'expire': 604800, 'minttl': 10800}, {'name': 'mujs.com', 'ns': 'ns1.gandi.net', 'mailbox': 'hostmaster.gandi.net', 'serial': 1716422400, 'refresh': 10800, 'retry': 3600, 'expire': 604800, 'minttl': 10800}, {'name': 'mujs.com', 'ns': 'ns1.gandi.net', 'mailbox': 'hostmaster.gandi.net', 'serial': 1716422400, 'refresh': 10800, 'retry': 3600, 'expire': 604800, 'minttl': 10800}",NOERROR,,,,,,,,
,ash2-ckpages-a1.assistirbesouroazulfilmecompletogratis1.mujs.com,10800,184.73.189.105,"{'name': 'mujs.com', 'ns': 'ns1.gandi.net', 'mailbox': 'hostmaster.gandi.net', 'serial': 1716422400, 'refresh': 10800, 'retry': 3600, 'expire': 604800, 'minttl': 10800}, {'name': 'mujs.com', 'ns': 'ns1.gandi.net', 'mailbox': 'hostmaster.gandi.net', 'serial': 1716422400, 'refresh': 10800, 'retry': 3600, 'expire': 604800, 'minttl': 10800}, {'name': 'mujs.com', 'ns': 'ns1.gandi.net', 'mailbox': 'hostmaster.gandi.net', 'serial': 1716422400, 'refresh': 10800, 'retry': 3600, 'expire': 604800, 'minttl': 10800}, {'name': 'mujs.com', 'ns': 'ns1.gandi.net', 'mailbox': 'hostmaster.gandi.net', 'serial': 1716422400, 'refresh': 10800, 'retry': 3600, 'expire': 604800, 'minttl': 10800}, {'name': 'mujs.com', 'ns': 'ns1.gandi.net', 'mailbox': 'hostmaster.gandi.net', 'serial': 1716422400, 'refresh': 10800, 'retry': 3600, 'expire': 604800, 'minttl': 10800}, {'name': 'mujs.com', 'ns': 'ns1.gandi.net', 'mailbox': 'hostmaster.gandi.net', 'serial': 1716422400, 'refresh': 10800, 'retry': 3600, 'expire': 604800, 'minttl': 10800}, {'name': 'mujs.com', 'ns': 'ns1.gandi.net', 'mailbox': 'hostmaster.gandi.net', 'serial': 1716422400, 'refresh': 10800, 'retry': 3600, 'expire': 604800, 'minttl': 10800}",NOERROR,,,,,,,,
,ay-zvjhsfvh3rght6fx.mujs.com,10800,184.73.189.105,"{'name': 'mujs.com', 'ns': 'ns1.gandi.net', 'mailbox': 'hostmaster.gandi.net', 'serial': 1716422400, 'refresh': 10800, 'retry': 3600, 'expire': 604800, 'minttl': 10800}, {'name': 'mujs.com', 'ns': 'ns1.gandi.net', 'mailbox': 'hostmaster.gandi.net', 'serial': 1716422400, 'refresh': 10800, 'retry': 3600, 'expire': 604800, 'minttl': 10800}, {'name': 'mujs.com', 'ns': 'ns1.gandi.net', 'mailbox': 'hostmaster.gandi.net', 'serial': 1716422400, 'refresh': 10800, 'retry': 3600, 'expire': 604800, 'minttl': 10800}, {'name': 'mujs.com', 'ns': 'ns1.gandi.net', 'mailbox': 'hostmaster.gandi.net', 'serial': 1716422400, 'refresh': 10800, 'retry': 3600, 'expire': 604800, 'minttl': 10800}, {'name': 'mujs.com', 'ns': 'ns1.gandi.net', 'mailbox': 'hostmaster.gandi.net', 'serial': 1716422400, 'refresh': 10800, 'retry': 3600, 'expire': 604800, 'minttl': 10800}, {'name': 'mujs.com', 'ns': 'ns1.gandi.net', 'mailbox': 'hostmaster.gandi.net', 'serial': 1716422400, 'refresh': 10800, 'retry': 3600, 'expire': 604800, 'minttl': 10800}",NOERROR,,,,,,,,
,bucket-euw-mysqlbackups-www-test.assistirbesouroazulfilmecompletogratis1.mujs.com,10800,184.73.189.105,"{'name': 'mujs.com', 'ns': 'ns1.gandi.net', 'mailbox': 'hostmaster.gandi.net', 'serial': 1716422400, 'refresh': 10800, 'retry': 3600, 'expire': 604800, 'minttl': 10800}, {'name': 'mujs.com', 'ns': 'ns1.gandi.net', 'mailbox': 'hostmaster.gandi.net', 'serial': 1716422400, 'refresh': 10800, 'retry': 3600, 'expire': 604800, 'minttl': 10800}, {'name': 'mujs.com', 'ns': 'ns1.gandi.net', 'mailbox': 'hostmaster.gandi.net', 'serial': 1716422400, 'refresh': 10800, 'retry': 3600, 'expire': 604800, 'minttl': 10800}, {'name': 'mujs.com', 'ns': 'ns1.gandi.net', 'mailbox': 'hostmaster.gandi.net', 'serial': 1716422400, 'refresh': 10800, 'retry': 3600, 'expire': 604800, 'minttl': 10800}, {'name': 'mujs.com', 'ns': 'ns1.gandi.net', 'mailbox': 'hostmaster.gandi.net', 'serial': 1716422400, 'refresh': 10800, 'retry': 3600, 'expire': 604800, 'minttl': 10800}, {'name': 'mujs.com', 'ns': 'ns1.gandi.net', 'mailbox': 'hostmaster.gandi.net', 'serial': 1716422400, 'refresh': 10800, 'retry': 3600, 'expire': 604800, 'minttl': 10800}",NOERROR,,,,,,,,
,businessportalorigin.kanaweb.mujs.com,10800,184.73.189.105,"{'name': 'mujs.com', 'ns': 'ns1.gandi.net', 'mailbox': 'hostmaster.gandi.net', 'serial': 1716422400, 'refresh': 10800, 'retry': 3600, 'expire': 604800, 'minttl': 10800}, {'name': 'mujs.com', 'ns': 'ns1.gandi.net', 'mailbox': 'hostmaster.gandi.net', 'serial': 1716422400, 'refresh': 10800, 'retry': 3600, 'expire': 604800, 'minttl': 10800}, {'name': 'mujs.com', 'ns': 'ns1.gandi.net', 'mailbox': 'hostmaster.gandi.net', 'serial': 1716422400, 'refresh': 10800, 'retry': 3600, 'expire': 604800, 'minttl': 10800}, {'name': 'mujs.com', 'ns': 'ns1.gandi.net', 'mailbox': 'hostmaster.gandi.net', 'serial': 1716422400, 'refresh': 10800, 'retry': 3600, 'expire': 604800, 'minttl': 10800}, {'name': 'mujs.com', 'ns': 'ns1.gandi.net', 'mailbox': 'hostmaster.gandi.net', 'serial': 1716422400, 'refresh': 10800, 'retry': 3600, 'expire': 604800, 'minttl': 10800}, {'name': 'mujs.com', 'ns': 'ns1.gandi.net', 'mailbox': 'hostmaster.gandi.net', 'serial': 1716422400, 'refresh': 10800, 'retry': 3600, 'expire': 604800, 'minttl': 10800}",NOERROR,,,,,,,,
,ca2rkw6fec-3.mujs.com,3600,184.73.189.105,"{'name': 'mujs.com', 'ns': 'ns1.gandi.net', 'mailbox': 'hostmaster.gandi.net', 'serial': 1716422400, 'refresh': 10800, 'retry': 3600, 'expire': 604800, 'minttl': 10800}, {'name': 'mujs.com', 'ns': 'ns1.gandi.net', 'mailbox': 'hostmaster.gandi.net', 'serial': 1716422400, 'refresh': 10800, 'retry': 3600, 'expire': 604800, 'minttl': 10800}, {'name': 'mujs.com', 'ns': 'ns1.gandi.net', 'mailbox': 'hostmaster.gandi.net', 'serial': 1716422400, 'refresh': 10800, 'retry': 3600, 'expire': 604800, 'minttl': 10800}, {'name': 'mujs.com', 'ns': 'ns1.gandi.net', 'mailbox': 'hostmaster.gandi.net', 'serial': 1716422400, 'refresh': 10800, 'retry': 3600, 'expire': 604800, 'minttl': 10800}, {'name': 'mujs.com', 'ns': 'ns1.gandi.net', 'mailbox': 'hostmaster.gandi.net', 'serial': 1716422400, 'refresh': 10800, 'retry': 3600, 'expire': 604800, 'minttl': 10800}, {'name': 'mujs.com', 'ns': 'ns1.gandi.net', 'mailbox': 'hostmaster.gandi.net', 'serial': 1716422400, 'refresh': 10800, 'retry': 3600, 'expire': 604800, 'minttl': 10800}, {'name': 'mujs.com', 'ns': 'ns1.gandi.net', 'mailbox': 'hostmaster.gandi.net', 'serial': 1716422400, 'refresh': 10800, 'retry': 3600, 'expire': 604800, 'minttl': 10800}",NOERROR,,,,,,,,
,cmp-usercentrics.assistirbesouroazulfilmecompletogratis1.mujs.com,3600,184.73.189.105,"{'name': 'mujs.com', 'ns': 'ns1.gandi.net', 'mailbox': 'hostmaster.gandi.net', 'serial': 1716422400, 'refresh': 10800, 'retry': 3600, 'expire': 604800, 'minttl': 10800}, {'name': 'mujs.com', 'ns': 'ns1.gandi.net', 'mailbox': 'hostmaster.gandi.net', 'serial': 1716422400, 'refresh': 10800, 'retry': 3600, 'expire': 604800, 'minttl': 10800}, {'name': 'mujs.com', 'ns': 'ns1.gandi.net', 'mailbox': 'hostmaster.gandi.net', 'serial': 1716422400, 'refresh': 10800, 'retry': 3600, 'expire': 604800, 'minttl': 10800}, {'name': 'mujs.com', 'ns': 'ns1.gandi.net', 'mailbox': 'hostmaster.gandi.net', 'serial': 1716422400, 'refresh': 10800, 'retry': 3600, 'expire': 604800, 'minttl': 10800}, {'name': 'mujs.com', 'ns': 'ns1.gandi.net', 'mailbox': 'hostmaster.gandi.net', 'serial': 1716422400, 'refresh': 10800, 'retry': 3600, 'expire': 604800, 'minttl': 10800}",NOERROR,,,,,,,,
,coxreporting-0classifiedtroy.assistirbesouroazulfilmecompletogratis1.mujs.com,10800,184.73.189.105,"{'name': 'mujs.com', 'ns': 'ns1.gandi.net', 'mailbox': 'hostmaster.gandi.net', 'serial': 1716422400, 'refresh': 10800, 'retry': 3600, 'expire': 604800, 'minttl': 10800}, {'name': 'mujs.com', 'ns': 'ns1.gandi.net', 'mailbox': 'hostmaster.gandi.net', 'serial': 1716422400, 'refresh': 10800, 'retry': 3600, 'expire': 604800, 'minttl': 10800}, {'name': 'mujs.com', 'ns': 'ns1.gandi.net', 'mailbox': 'hostmaster.gandi.net', 'serial': 1716422400, 'refresh': 10800, 'retry': 3600, 'expire': 604800, 'minttl': 10800}, {'name': 'mujs.com', 'ns': 'ns1.gandi.net', 'mailbox': 'hostmaster.gandi.net', 'serial': 1716422400, 'refresh': 10800, 'retry': 3600, 'expire': 604800, 'minttl': 10800}, {'name': 'mujs.com', 'ns': 'ns1.gandi.net', 'mailbox': 'hostmaster.gandi.net', 'serial': 1716422400, 'refresh': 10800, 'retry': 3600, 'expire': 604800, 'minttl': 10800}, {'name': 'mujs.com', 'ns': 'ns1.gandi.net', 'mailbox': 'hostmaster.gandi.net', 'serial': 1716422400, 'refresh': 10800, 'retry': 3600, 'expire': 604800, 'minttl': 10800}",NOERROR,,,,,,,,
,debug-uploadgcpmy.assistirbesouroazulfilmecompletogratis1.mujs.com,10800,184.73.189.105,"{'name': 'mujs.com', 'ns': 'ns1.gandi.net', 'mailbox': 'hostmaster.gandi.net', 'serial': 1716422400, 'refresh': 10800, 'retry': 3600, 'expire': 604800, 'minttl': 10800}, {'name': 'mujs.com', 'ns': 'ns1.gandi.net', 'mailbox': 'hostmaster.gandi.net', 'serial': 1716422400, 'refresh': 10800, 'retry': 3600, 'expire': 604800, 'minttl': 10800}, {'name': 'mujs.com', 'ns': 'ns1.gandi.net', 'mailbox': 'hostmaster.gandi.net', 'serial': 1716422400, 'refresh': 10800, 'retry': 3600, 'expire': 604800, 'minttl': 10800}, {'name': 'mujs.com', 'ns': 'ns1.gandi.net', 'mailbox': 'hostmaster.gandi.net', 'serial': 1716422400, 'refresh': 10800, 'retry': 3600, 'expire': 604800, 'minttl': 10800}, {'name': 'mujs.com', 'ns': 'ns1.gandi.net', 'mailbox': 'hostmaster.gandi.net', 'serial': 1716422400, 'refresh': 10800, 'retry': 3600, 'expire': 604800, 'minttl': 10800}, {'name': 'mujs.com', 'ns': 'ns1.gandi.net', 'mailbox': 'hostmaster.gandi.net', 'serial': 1716422400, 'refresh': 10800, 'retry': 3600, 'expire': 604800, 'minttl': 10800}, {'name': 'mujs.com', 'ns': 'ns1.gandi.net', 'mailbox': 'hostmaster.gandi.net', 'serial': 1716422400, 'refresh': 10800, 'retry': 3600, 'expire': 604800, 'minttl': 10800}",NOERROR,,,,,,,,
,deibp9eh1--blueice3n4.kanaweb.mujs.com,10800,184.73.189.105,"{'name': 'mujs.com', 'ns': 'ns1.gandi.net', 'mailbox': 'hostmaster.gandi.net', 'serial': 1716422400, 'refresh': 10800, 'retry': 3600, 'expire': 604800, 'minttl': 10800}, {'name': 'mujs.com', 'ns': 'ns1.gandi.net', 'mailbox': 'hostmaster.gandi.net', 'serial': 1716422400, 'refresh': 10800, 'retry': 3600, 'expire': 604800, 'minttl': 10800}, {'name': 'mujs.com', 'ns': 'ns1.gandi.net', 'mailbox': 'hostmaster.gandi.net', 'serial': 1716422400, 'refresh': 10800, 'retry': 3600, 'expire': 604800, 'minttl': 10800}, {'name': 'mujs.com', 'ns': 'ns1.gandi.net', 'mailbox': 'hostmaster.gandi.net', 'serial': 1716422400, 'refresh': 10800, 'retry': 3600, 'expire': 604800, 'minttl': 10800}, {'name': 'mujs.com', 'ns': 'ns1.gandi.net', 'mailbox': 'hostmaster.gandi.net', 'serial': 1716422400, 'refresh': 10800, 'retry': 3600, 'expire': 604800, 'minttl': 10800}, {'name': 'mujs.com', 'ns': 'ns1.gandi.net', 'mailbox': 'hostmaster.gandi.net', 'serial': 1716422400, 'refresh': 10800, 'retry': 3600, 'expire': 604800, 'minttl': 10800}, {'name': 'mujs.com', 'ns': 'ns1.gandi.net', 'mailbox': 'hostmaster.gandi.net', 'serial': 1716422400, 'refresh': 10800, 'retry': 3600, 'expire': 604800, 'minttl': 10800}",NOERROR,,,,,,,,
,delivery-34-213-30-135-us-west-2.mujs.com,10800,184.73.189.105,"{'name': 'mujs.com', 'ns': 'ns1.gandi.net', 'mailbox': 'hostmaster.gandi.net', 'serial': 1716422400, 'refresh': 10800, 'retry': 3600, 'expire': 604800, 'minttl': 10800}, {'name': 'mujs.com', 'ns': 'ns1.gandi.net', 'mailbox': 'hostmaster.gandi.net', 'serial': 1716422400, 'refresh': 10800, 'retry': 3600, 'expire': 604800, 'minttl': 10800}, {'name': 'mujs.com', 'ns': 'ns1.gandi.net', 'mailbox': 'hostmaster.gandi.net', 'serial': 1716422400, 'refresh': 10800, 'retry': 3600, 'expire': 604800, 'minttl': 10800}, {'name': 'mujs.com', 'ns': 'ns1.gandi.net', 'mailbox': 'hostmaster.gandi.net', 'serial': 1716422400, 'refresh': 10800, 'retry': 3600, 'expire': 604800, 'minttl': 10800}, {'name': 'mujs.com', 'ns': 'ns1.gandi.net', 'mailbox': 'hostmaster.gandi.net', 'serial': 1716422400, 'refresh': 10800, 'retry': 3600, 'expire': 604800, 'minttl': 10800}, {'name': 'mujs.com', 'ns': 'ns1.gandi.net', 'mailbox': 'hostmaster.gandi.net', 'serial': 1716422400, 'refresh': 10800, 'retry': 3600, 'expire': 604800, 'minttl': 10800}",NOERROR,,,,,,,,
,designmind.kanaweb.mujs.com,3600,,"{'name': 'mujs.com', 'ns': 'ns1.gandi.net', 'mailbox': 'hostmaster.gandi.net', 'serial': 1716422400, 'refresh': 10800, 'retry': 3600, 'expire': 604800, 'minttl': 10800}, {'name': 'mujs.com', 'ns': 'ns1.gandi.net', 'mailbox': 'hostmaster.gandi.net', 'serial': 1716422400, 'refresh': 10800, 'retry': 3600, 'expire': 604800, 'minttl': 10800}, {'name': 'mujs.com', 'ns': 'ns1.gandi.net', 'mailbox': 'hostmaster.gandi.net', 'serial': 1716422400, 'refresh': 10800, 'retry': 3600, 'expire': 604800, 'minttl': 10800}, {'name': 'mujs.com', 'ns': 'ns1.gandi.net', 'mailbox': 'hostmaster.gandi.net', 'serial': 1716422400, 'refresh': 10800, 'retry': 3600, 'expire': 604800, 'minttl': 10800}, {'name': 'mujs.com', 'ns': 'ns1.gandi.net', 'mailbox': 'hostmaster.gandi.net', 'serial': 1716422400, 'refresh': 10800, 'retry': 3600, 'expire': 604800, 'minttl': 10800}, {'name': 'mujs.com', 'ns': 'ns1.gandi.net', 'mailbox': 'hostmaster.gandi.net', 'serial': 1716422400, 'refresh': 10800, 'retry': 3600, 'expire': 604800, 'minttl': 10800}",NOERROR,,,,,,,,
,dhcp83.kanaweb.mujs.com,10800,184.73.189.105,"{'name': 'mujs.com', 'ns': 'ns1.gandi.net', 'mailbox': 'hostmaster.gandi.net', 'serial': 1716422400, 'refresh': 10800, 'retry': 3600, 'expire': 604800, 'minttl': 10800}, {'name': 'mujs.com', 'ns': 'ns1.gandi.net', 'mailbox': 'hostmaster.gandi.net', 'serial': 1716422400, 'refresh': 10800, 'retry': 3600, 'expire': 604800, 'minttl': 10800}, {'name': 'mujs.com', 'ns': 'ns1.gandi.net', 'mailbox': 'hostmaster.gandi.net', 'serial': 1716422400, 'refresh': 10800, 'retry': 3600, 'expire': 604800, 'minttl': 10800}, {'name': 'mujs.com', 'ns': 'ns1.gandi.net', 'mailbox': 'hostmaster.gandi.net', 'serial': 1716422400, 'refresh': 10800, 'retry': 3600, 'expire': 604800, 'minttl': 10800}, {'name': 'mujs.com', 'ns': 'ns1.gandi.net', 'mailbox': 'hostmaster.gandi.net', 'serial': 1716422400, 'refresh': 10800, 'retry': 3600, 'expire': 604800, 'minttl': 10800}, {'name': 'mujs.com', 'ns': 'ns1.gandi.net', 'mailbox': 'hostmaster.gandi.net', 'serial': 1716422400, 'refresh': 10800, 'retry': 3600, 'expire': 604800, 'minttl': 10800}",NOERROR,,,,,,,,
,fcsawsqdcusw1prod-efitqdc.kanaweb.mujs.com,3600,184.73.189.105,"{'name': 'mujs.com', 'ns': 'ns1.gandi.net', 'mailbox': 'hostmaster.gandi.net', 'serial': 1716422400, 'refresh': 10800, 'retry': 3600, 'expire': 604800, 'minttl': 10800}, {'name': 'mujs.com', 'ns': 'ns1.gandi.net', 'mailbox': 'hostmaster.gandi.net', 'serial': 1716422400, 'refresh': 10800, 'retry': 3600, 'expire': 604800, 'minttl': 10800}, {'name': 'mujs.com', 'ns': 'ns1.gandi.net', 'mailbox': 'hostmaster.gandi.net', 'serial': 1716422400, 'refresh': 10800, 'retry': 3600, 'expire': 604800, 'minttl': 10800}, {'name': 'mujs.com', 'ns': 'ns1.gandi.net', 'mailbox': 'hostmaster.gandi.net', 'serial': 1716422400, 'refresh': 10800, 'retry': 3600, 'expire': 604800, 'minttl': 10800}, {'name': 'mujs.com', 'ns': 'ns1.gandi.net', 'mailbox': 'hostmaster.gandi.net', 'serial': 1716422400, 'refresh': 10800, 'retry': 3600, 'expire': 604800, 'minttl': 10800}",NOERROR,,,,,,,,
,filibustering-lotting-prerefuse.mujs.com,10800,184.73.189.105,"{'name': 'mujs.com', 'ns': 'ns1.gandi.net', 'mailbox': 'hostmaster.gandi.net', 'serial': 1716422400, 'refresh': 10800, 'retry': 3600, 'expire': 604800, 'minttl': 10800}, {'name': 'mujs.com', 'ns': 'ns1.gandi.net', 'mailbox': 'hostmaster.gandi.net', 'serial': 1716422400, 'refresh': 10800, 'retry': 3600, 'expire': 604800, 'minttl': 10800}, {'name': 'mujs.com', 'ns': 'ns1.gandi.net', 'mailbox': 'hostmaster.gandi.net', 'serial': 1716422400, 'refresh': 10800, 'retry': 3600, 'expire': 604800, 'minttl': 10800}, {'name': 'mujs.com', 'ns': 'ns1.gandi.net', 'mailbox': 'hostmaster.gandi.net', 'serial': 1716422400, 'refresh': 10800, 'retry': 3600, 'expire': 604800, 'minttl': 10800}, {'name': 'mujs.com', 'ns': 'ns1.gandi.net', 'mailbox': 'hostmaster.gandi.net', 'serial': 1716422400, 'refresh': 10800, 'retry': 3600, 'expire': 604800, 'minttl': 10800}, {'name': 'mujs.com', 'ns': 'ns1.gandi.net', 'mailbox': 'hostmaster.gandi.net', 'serial': 1716422400, 'refresh': 10800, 'retry': 3600, 'expire': 604800, 'minttl': 10800}",NOERROR,,,,,,,,
,gigspare.kanaweb.mujs.com,10800,184.73.189.105,"{'name': 'mujs.com', 'ns': 'ns1.gandi.net', 'mailbox': 'hostmaster.gandi.net', 'serial': 1716422400, 'refresh': 10800, 'retry': 3600, 'expire': 604800, 'minttl': 10800}, {'name': 'mujs.com', 'ns': 'ns1.gandi.net', 'mailbox': 'hostmaster.gandi.net', 'serial': 1716422400, 'refresh': 10800, 'retry': 3600, 'expire': 604800, 'minttl': 10800}, {'name': 'mujs.com', 'ns': 'ns1.gandi.net', 'mailbox': 'hostmaster.gandi.net', 'serial': 1716422400, 'refresh': 10800, 'retry': 3600, 'expire': 604800, 'minttl': 10800}, {'name': 'mujs.com', 'ns': 'ns1.gandi.net', 'mailbox': 'hostmaster.gandi.net', 'serial': 1716422400, 'refresh': 10800, 'retry': 3600, 'expire': 604800, 'minttl': 10800}, {'name': 'mujs.com', 'ns': 'ns1.gandi.net', 'mailbox': 'hostmaster.gandi.net', 'serial': 1716422400, 'refresh': 10800, 'retry': 3600, 'expire': 604800, 'minttl': 10800}, {'name': 'mujs.com', 'ns': 'ns1.gandi.net', 'mailbox': 'hostmaster.gandi.net', 'serial': 1716422400, 'refresh': 10800, 'retry': 3600, 'expire': 604800, 'minttl': 10800}",NOERROR,,,,,,,,
,gridlogic-provisioner.kanaweb.mujs.com,10800,184.73.189.105,"{'name': 'mujs.com', 'ns': 'ns1.gandi.net', 'mailbox': 'hostmaster.gandi.net', 'serial': 1716422400, 'refresh': 10800, 'retry': 3600, 'expire': 604800, 'minttl': 10800}, {'name': 'mujs.com', 'ns': 'ns1.gandi.net', 'mailbox': 'hostmaster.gandi.net', 'serial': 1716422400, 'refresh': 10800, 'retry': 3600, 'expire': 604800, 'minttl': 10800}, {'name': 'mujs.com', 'ns': 'ns1.gandi.net', 'mailbox': 'hostmaster.gandi.net', 'serial': 1716422400, 'refresh': 10800, 'retry': 3600, 'expire': 604800, 'minttl': 10800}, {'name': 'mujs.com', 'ns': 'ns1.gandi.net', 'mailbox': 'hostmaster.gandi.net', 'serial': 1716422400, 'refresh': 10800, 'retry': 3600, 'expire': 604800, 'minttl': 10800}, {'name': 'mujs.com', 'ns': 'ns1.gandi.net', 'mailbox': 'hostmaster.gandi.net', 'serial': 1716422400, 'refresh': 10800, 'retry': 3600, 'expire': 604800, 'minttl': 10800}, {'name': 'mujs.com', 'ns': 'ns1.gandi.net', 'mailbox': 'hostmaster.gandi.net', 'serial': 1716422400, 'refresh': 10800, 'retry': 3600, 'expire': 604800, 'minttl': 10800}, {'name': 'mujs.com', 'ns': 'ns1.gandi.net', 'mailbox': 'hostmaster.gandi.net', 'serial': 1716422400, 'refresh': 10800, 'retry': 3600, 'expire': 604800, 'minttl': 10800}",NOERROR,,,,,,,,
,gsp81-kittyhawk-sg34-ssl.assistirbesouroazulfilmecompletogratis1.mujs.com,1800,,"{'name': 'mujs.com', 'ns': 'ns1.gandi.net', 'mailbox': 'hostmaster.gandi.net', 'serial': 1716422400, 'refresh': 10800, 'retry': 3600, 'expire': 604800, 'minttl': 10800}, {'name': 'mujs.com', 'ns': 'ns1.gandi.net', 'mailbox': 'hostmaster.gandi.net', 'serial': 1716422400, 'refresh': 10800, 'retry': 3600, 'expire': 604800, 'minttl': 10800}, {'name': 'mujs.com', 'ns': 'ns1.gandi.net', 'mailbox': 'hostmaster.gandi.net', 'serial': 1716422400, 'refresh': 10800, 'retry': 3600, 'expire': 604800, 'minttl': 10800}, {'name': 'mujs.com', 'ns': 'ns1.gandi.net', 'mailbox': 'hostmaster.gandi.net', 'serial': 1716422400, 'refresh': 10800, 'retry': 3600, 'expire': 604800, 'minttl': 10800}, {'name': 'mujs.com', 'ns': 'ns1.gandi.net', 'mailbox': 'hostmaster.gandi.net', 'serial': 1716422400, 'refresh': 10800, 'retry': 3600, 'expire': 604800, 'minttl': 10800}, {'name': 'mujs.com', 'ns': 'ns1.gandi.net', 'mailbox': 'hostmaster.gandi.net', 'serial': 1716422400, 'refresh': 10800, 'retry': 3600, 'expire': 604800, 'minttl': 10800}, {'name': 'mujs.com', 'ns': 'ns1.gandi.net', 'mailbox': 'hostmaster.gandi.net', 'serial': 1716422400, 'refresh': 10800, 'retry': 3600, 'expire': 604800, 'minttl': 10800}",NOERROR,,,,,,,,
,gt6.assistirbesouroazulfilmecompletogratis1.mujs.com,10800,184.73.189.105,"{'name': 'mujs.com', 'ns': 'ns1.gandi.net', 'mailbox': 'hostmaster.gandi.net', 'serial': 1716422400, 'refresh': 10800, 'retry': 3600, 'expire': 604800, 'minttl': 10800}, {'name': 'mujs.com', 'ns': 'ns1.gandi.net', 'mailbox': 'hostmaster.gandi.net', 'serial': 1716422400, 'refresh': 10800, 'retry': 3600, 'expire': 604800, 'minttl': 10800}, {'name': 'mujs.com', 'ns': 'ns1.gandi.net', 'mailbox': 'hostmaster.gandi.net', 'serial': 1716422400, 'refresh': 10800, 'retry': 3600, 'expire': 604800, 'minttl': 10800}, {'name': 'mujs.com', 'ns': 'ns1.gandi.net', 'mailbox': 'hostmaster.gandi.net', 'serial': 1716422400, 'refresh': 10800, 'retry': 3600, 'expire': 604800, 'minttl': 10800}, {'name': 'mujs.com', 'ns': 'ns1.gandi.net', 'mailbox': 'hostmaster.gandi.net', 'serial': 1716422400, 'refresh': 10800, 'retry': 3600, 'expire': 604800, 'minttl': 10800}, {'name': 'mujs.com', 'ns': 'ns1.gandi.net', 'mailbox': 'hostmaster.gandi.net', 'serial': 1716422400, 'refresh': 10800, 'retry': 3600, 'expire': 604800, 'minttl': 10800}, {'name': 'mujs.com', 'ns': 'ns1.gandi.net', 'mailbox': 'hostmaster.gandi.net', 'serial': 1716422400, 'refresh': 10800, 'retry': 3600, 'expire': 604800, 'minttl': 10800}",NOERROR,,,,,,,,
,h-135-207-12-33.assistirbesouroazulfilmecompletogratis1.mujs.com,10800,184.73.189.105,"{'name': 'mujs.com', 'ns': 'ns1.gandi.net', 'mailbox': 'hostmaster.gandi.net', 'serial': 1716422400, 'refresh': 10800, 'retry': 3600, 'expire': 604800, 'minttl': 10800}, {'name': 'mujs.com', 'ns': 'ns1.gandi.net', 'mailbox': 'hostmaster.gandi.net', 'serial': 1716422400, 'refresh': 10800, 'retry': 3600, 'expire': 604800, 'minttl': 10800}, {'name': 'mujs.com', 'ns': 'ns1.gandi.net', 'mailbox': 'hostmaster.gandi.net', 'serial': 1716422400, 'refresh': 10800, 'retry': 3600, 'expire': 604800, 'minttl': 10800}, {'name': 'mujs.com', 'ns': 'ns1.gandi.net', 'mailbox': 'hostmaster.gandi.net', 'serial': 1716422400, 'refresh': 10800, 'retry': 3600, 'expire': 604800, 'minttl': 10800}, {'name': 'mujs.com', 'ns': 'ns1.gandi.net', 'mailbox': 'hostmaster.gandi.net', 'serial': 1716422400, 'refresh': 10800, 'retry': 3600, 'expire': 604800, 'minttl': 10800}, {'name': 'mujs.com', 'ns': 'ns1.gandi.net', 'mailbox': 'hostmaster.gandi.net', 'serial': 1716422400, 'refresh': 10800, 'retry': 3600, 'expire': 604800, 'minttl': 10800}",NOERROR,,,,,,,,
,h-135-207-180-69.kanaweb.mujs.com,10800,184.73.189.105,"{'name': 'mujs.com', 'ns': 'ns1.gandi.net', 'mailbox': 'hostmaster.gandi.net', 'serial': 1716422400, 'refresh': 10800, 'retry': 3600, 'expire': 604800, 'minttl': 10800}, {'name': 'mujs.com', 'ns': 'ns1.gandi.net', 'mailbox': 'hostmaster.gandi.net', 'serial': 1716422400, 'refresh': 10800, 'retry': 3600, 'expire': 604800, 'minttl': 10800}, {'name': 'mujs.com', 'ns': 'ns1.gandi.net', 'mailbox': 'hostmaster.gandi.net', 'serial': 1716422400, 'refresh': 10800, 'retry': 3600, 'expire': 604800, 'minttl': 10800}, {'name': 'mujs.com', 'ns': 'ns1.gandi.net', 'mailbox': 'hostmaster.gandi.net', 'serial': 1716422400, 'refresh': 10800, 'retry': 3600, 'expire': 604800, 'minttl': 10800}, {'name': 'mujs.com', 'ns': 'ns1.gandi.net', 'mailbox': 'hostmaster.gandi.net', 'serial': 1716422400, 'refresh': 10800, 'retry': 3600, 'expire': 604800, 'minttl': 10800}, {'name': 'mujs.com', 'ns': 'ns1.gandi.net', 'mailbox': 'hostmaster.gandi.net', 'serial': 1716422400, 'refresh': 10800, 'retry': 3600, 'expire': 604800, 'minttl': 10800}, {'name': 'mujs.com', 'ns': 'ns1.gandi.net', 'mailbox': 'hostmaster.gandi.net', 'serial': 1716422400, 'refresh': 10800, 'retry': 3600, 'expire': 604800, 'minttl': 10800}",NOERROR,,,,,,,,
,h-135-207-35-67.assistirbesouroazulfilmecompletogratis1.mujs.com,10800,184.73.189.105,"{'name': 'mujs.com', 'ns': 'ns1.gandi.net', 'mailbox': 'hostmaster.gandi.net', 'serial': 1716422400, 'refresh': 10800, 'retry': 3600, 'expire': 604800, 'minttl': 10800}, {'name': 'mujs.com', 'ns': 'ns1.gandi.net', 'mailbox': 'hostmaster.gandi.net', 'serial': 1716422400, 'refresh': 10800, 'retry': 3600, 'expire': 604800, 'minttl': 10800}, {'name': 'mujs.com', 'ns': 'ns1.gandi.net', 'mailbox': 'hostmaster.gandi.net', 'serial': 1716422400, 'refresh': 10800, 'retry': 3600, 'expire': 604800, 'minttl': 10800}, {'name': 'mujs.com', 'ns': 'ns1.gandi.net', 'mailbox': 'hostmaster.gandi.net', 'serial': 1716422400, 'refresh': 10800, 'retry': 3600, 'expire': 604800, 'minttl': 10800}, {'name': 'mujs.com', 'ns': 'ns1.gandi.net', 'mailbox': 'hostmaster.gandi.net', 'serial': 1716422400, 'refresh': 10800, 'retry': 3600, 'expire': 604800, 'minttl': 10800}",NOERROR,,,,,,,,
,h-135-207-53-54.assistirbesouroazulfilmecompletogratis1.mujs.com,10800,184.73.189.105,"{'name': 'mujs.com', 'ns': 'ns1.gandi.net', 'mailbox': 'hostmaster.gandi.net', 'serial': 1716422400, 'refresh': 10800, 'retry': 3600, 'expire': 604800, 'minttl': 10800}, {'name': 'mujs.com', 'ns': 'ns1.gandi.net', 'mailbox': 'hostmaster.gandi.net', 'serial': 1716422400, 'refresh': 10800, 'retry': 3600, 'expire': 604800, 'minttl': 10800}, {'name': 'mujs.com', 'ns': 'ns1.gandi.net', 'mailbox': 'hostmaster.gandi.net', 'serial': 1716422400, 'refresh': 10800, 'retry': 3600, 'expire': 604800, 'minttl': 10800}, {'name': 'mujs.com', 'ns': 'ns1.gandi.net', 'mailbox': 'hostmaster.gandi.net', 'serial': 1716422400, 'refresh': 10800, 'retry': 3600, 'expire': 604800, 'minttl': 10800}, {'name': 'mujs.com', 'ns': 'ns1.gandi.net', 'mailbox': 'hostmaster.gandi.net', 'serial': 1716422400, 'refresh': 10800, 'retry': 3600, 'expire': 604800, 'minttl': 10800}",NOERROR,,,,,,,,
,h-135-207-53-54.kanaweb.mujs.com,10800,184.73.189.105,"{'name': 'mujs.com', 'ns': 'ns1.gandi.net', 'mailbox': 'hostmaster.gandi.net', 'serial': 1716422400, 'refresh': 10800, 'retry': 3600, 'expire': 604800, 'minttl': 10800}, {'name': 'mujs.com', 'ns': 'ns1.gandi.net', 'mailbox': 'hostmaster.gandi.net', 'serial': 1716422400, 'refresh': 10800, 'retry': 3600, 'expire': 604800, 'minttl': 10800}, {'name': 'mujs.com', 'ns': 'ns1.gandi.net', 'mailbox': 'hostmaster.gandi.net', 'serial': 1716422400, 'refresh': 10800, 'retry': 3600, 'expire': 604800, 'minttl': 10800}, {'name': 'mujs.com', 'ns': 'ns1.gandi.net', 'mailbox': 'hostmaster.gandi.net', 'serial': 1716422400, 'refresh': 10800, 'retry': 3600, 'expire': 604800, 'minttl': 10800}, {'name': 'mujs.com', 'ns': 'ns1.gandi.net', 'mailbox': 'hostmaster.gandi.net', 'serial': 1716422400, 'refresh': 10800, 'retry': 3600, 'expire': 604800, 'minttl': 10800}",NOERROR,,,,,,,,
,h-135-207-55-51.assistirbesouroazulfilmecompletogratis1.mujs.com,10800,184.73.189.105,"{'name': 'mujs.com', 'ns': 'ns1.gandi.net', 'mailbox': 'hostmaster.gandi.net', 'serial': 1716422400, 'refresh': 10800, 'retry': 3600, 'expire': 604800, 'minttl': 10800}, {'name': 'mujs.com', 'ns': 'ns1.gandi.net', 'mailbox': 'hostmaster.gandi.net', 'serial': 1716422400, 'refresh': 10800, 'retry': 3600, 'expire': 604800, 'minttl': 10800}, {'name': 'mujs.com', 'ns': 'ns1.gandi.net', 'mailbox': 'hostmaster.gandi.net', 'serial': 1716422400, 'refresh': 10800, 'retry': 3600, 'expire': 604800, 'minttl': 10800}, {'name': 'mujs.com', 'ns': 'ns1.gandi.net', 'mailbox': 'hostmaster.gandi.net', 'serial': 1716422400, 'refresh': 10800, 'retry': 3600, 'expire': 604800, 'minttl': 10800}, {'name': 'mujs.com', 'ns': 'ns1.gandi.net', 'mailbox': 'hostmaster.gandi.net', 'serial': 1716422400, 'refresh': 10800, 'retry': 3600, 'expire': 604800, 'minttl': 10800}, {'name': 'mujs.com', 'ns': 'ns1.gandi.net', 'mailbox': 'hostmaster.gandi.net', 'serial': 1716422400, 'refresh': 10800, 'retry': 3600, 'expire': 604800, 'minttl': 10800}",NOERROR,,,,,,,,
,h-135-207-8-28.assistirbesouroazulfilmecompletogratis1.mujs.com,10800,184.73.189.105,"{'name': 'mujs.com', 'ns': 'ns1.gandi.net', 'mailbox': 'hostmaster.gandi.net', 'serial': 1716422400, 'refresh': 10800, 'retry': 3600, 'expire': 604800, 'minttl': 10800}, {'name': 'mujs.com', 'ns': 'ns1.gandi.net', 'mailbox': 'hostmaster.gandi.net', 'serial': 1716422400, 'refresh': 10800, 'retry': 3600, 'expire': 604800, 'minttl': 10800}, {'name': 'mujs.com', 'ns': 'ns1.gandi.net', 'mailbox': 'hostmaster.gandi.net', 'serial': 1716422400, 'refresh': 10800, 'retry': 3600, 'expire': 604800, 'minttl': 10800}, {'name': 'mujs.com', 'ns': 'ns1.gandi.net', 'mailbox': 'hostmaster.gandi.net', 'serial': 1716422400, 'refresh': 10800, 'retry': 3600, 'expire': 604800, 'minttl': 10800}, {'name': 'mujs.com', 'ns': 'ns1.gandi.net', 'mailbox': 'hostmaster.gandi.net', 'serial': 1716422400, 'refresh': 10800, 'retry': 3600, 'expire': 604800, 'minttl': 10800}, {'name': 'mujs.com', 'ns': 'ns1.gandi.net', 'mailbox': 'hostmaster.gandi.net', 'serial': 1716422400, 'refresh': 10800, 'retry': 3600, 'expire': 604800, 'minttl': 10800}",NOERROR,,,,,,,,
,http-m-jobstreet-com-ph-19.assistirbesouroazulfilmecompletogratis1.mujs.com,10800,184.73.189.105,"{'name': 'mujs.com', 'ns': 'ns1.gandi.net', 'mailbox': 'hostmaster.gandi.net', 'serial': 1716422400, 'refresh': 10800, 'retry': 3600, 'expire': 604800, 'minttl': 10800}, {'name': 'mujs.com', 'ns': 'ns1.gandi.net', 'mailbox': 'hostmaster.gandi.net', 'serial': 1716422400, 'refresh': 10800, 'retry': 3600, 'expire': 604800, 'minttl': 10800}, {'name': 'mujs.com', 'ns': 'ns1.gandi.net', 'mailbox': 'hostmaster.gandi.net', 'serial': 1716422400, 'refresh': 10800, 'retry': 3600, 'expire': 604800, 'minttl': 10800}, {'name': 'mujs.com', 'ns': 'ns1.gandi.net', 'mailbox': 'hostmaster.gandi.net', 'serial': 1716422400, 'refresh': 10800, 'retry': 3600, 'expire': 604800, 'minttl': 10800}, {'name': 'mujs.com', 'ns': 'ns1.gandi.net', 'mailbox': 'hostmaster.gandi.net', 'serial': 1716422400, 'refresh': 10800, 'retry': 3600, 'expire': 604800, 'minttl': 10800}",NOERROR,,,,,,,,
,http-telenornews-pk60.assistirbesouroazulfilmecompletogratis1.mujs.com,10800,184.73.189.105,"{'name': 'mujs.com', 'ns': 'ns1.gandi.net', 'mailbox': 'hostmaster.gandi.net', 'serial': 1716422400, 'refresh': 10800, 'retry': 3600, 'expire': 604800, 'minttl': 10800}, {'name': 'mujs.com', 'ns': 'ns1.gandi.net', 'mailbox': 'hostmaster.gandi.net', 'serial': 1716422400, 'refresh': 10800, 'retry': 3600, 'expire': 604800, 'minttl': 10800}, {'name': 'mujs.com', 'ns': 'ns1.gandi.net', 'mailbox': 'hostmaster.gandi.net', 'serial': 1716422400, 'refresh': 10800, 'retry': 3600, 'expire': 604800, 'minttl': 10800}, {'name': 'mujs.com', 'ns': 'ns1.gandi.net', 'mailbox': 'hostmaster.gandi.net', 'serial': 1716422400, 'refresh': 10800, 'retry': 3600, 'expire': 604800, 'minttl': 10800}",NOERROR,,,,,,,,
,https-m-wattpad-com1.kanaweb.mujs.com,9646,184.73.189.105,"{'name': 'mujs.com', 'ns': 'ns1.gandi.net', 'mailbox': 'hostmaster.gandi.net', 'serial': 1716422400, 'refresh': 10800, 'retry': 3600, 'expire': 604800, 'minttl': 10800}, {'name': 'mujs.com', 'ns': 'ns1.gandi.net', 'mailbox': 'hostmaster.gandi.net', 'serial': 1716422400, 'refresh': 10800, 'retry': 3600, 'expire': 604800, 'minttl': 10800}, {'name': 'mujs.com', 'ns': 'ns1.gandi.net', 'mailbox': 'hostmaster.gandi.net', 'serial': 1716422400, 'refresh': 10800, 'retry': 3600, 'expire': 604800, 'minttl': 10800}, {'name': 'mujs.com', 'ns': 'ns1.gandi.net', 'mailbox': 'hostmaster.gandi.net', 'serial': 1716422400, 'refresh': 10800, 'retry': 3600, 'expire': 604800, 'minttl': 10800}, {'name': 'mujs.com', 'ns': 'ns1.gandi.net', 'mailbox': 'hostmaster.gandi.net', 'serial': 1716422400, 'refresh': 10800, 'retry': 3600, 'expire': 604800, 'minttl': 10800}, {'name': 'mujs.com', 'ns': 'ns1.gandi.net', 'mailbox': 'hostmaster.gandi.net', 'serial': 1716422400, 'refresh': 10800, 'retry': 3600, 'expire': 604800, 'minttl': 10800}",NOERROR,,,,,,,,
,internal-dlife.kanaweb.mujs.com,10800,184.73.189.105,"{'name': 'mujs.com', 'ns': 'ns1.gandi.net', 'mailbox': 'hostmaster.gandi.net', 'serial': 1716422400, 'refresh': 10800, 'retry': 3600, 'expire': 604800, 'minttl': 10800}, {'name': 'mujs.com', 'ns': 'ns1.gandi.net', 'mailbox': 'hostmaster.gandi.net', 'serial': 1716422400, 'refresh': 10800, 'retry': 3600, 'expire': 604800, 'minttl': 10800}, {'name': 'mujs.com', 'ns': 'ns1.gandi.net', 'mailbox': 'hostmaster.gandi.net', 'serial': 1716422400, 'refresh': 10800, 'retry': 3600, 'expire': 604800, 'minttl': 10800}, {'name': 'mujs.com', 'ns': 'ns1.gandi.net', 'mailbox': 'hostmaster.gandi.net', 'serial': 1716422400, 'refresh': 10800, 'retry': 3600, 'expire': 604800, 'minttl': 10800}, {'name': 'mujs.com', 'ns': 'ns1.gandi.net', 'mailbox': 'hostmaster.gandi.net', 'serial': 1716422400, 'refresh': 10800, 'retry': 3600, 'expire': 604800, 'minttl': 10800}",NOERROR,,,,,,,,
,ipv4-c002-sgf001-springnet-isp.assistirbesouroazulfilmecompletogratis1.mujs.com,285,,"{'name': 'mujs.com', 'ns': 'ns1.gandi.net', 'mailbox': 'hostmaster.gandi.net', 'serial': 1716422400, 'refresh': 10800, 'retry': 3600, 'expire': 604800, 'minttl': 10800}, {'name': 'mujs.com', 'ns': 'ns1.gandi.net', 'mailbox': 'hostmaster.gandi.net', 'serial': 1716422400, 'refresh': 10800, 'retry': 3600, 'expire': 604800, 'minttl': 10800}, {'name': 'mujs.com', 'ns': 'ns1.gandi.net', 'mailbox': 'hostmaster.gandi.net', 'serial': 1716422400, 'refresh': 10800, 'retry': 3600, 'expire': 604800, 'minttl': 10800}, {'name': 'mujs.com', 'ns': 'ns1.gandi.net', 'mailbox': 'hostmaster.gandi.net', 'serial': 1716422400, 'refresh': 10800, 'retry': 3600, 'expire': 604800, 'minttl': 10800}, {'name': 'mujs.com', 'ns': 'ns1.gandi.net', 'mailbox': 'hostmaster.gandi.net', 'serial': 1716422400, 'refresh': 10800, 'retry': 3600, 'expire': 604800, 'minttl': 10800}, {'name': 'mujs.com', 'ns': 'ns1.gandi.net', 'mailbox': 'hostmaster.gandi.net', 'serial': 1716422400, 'refresh': 10800, 'retry': 3600, 'expire': 604800, 'minttl': 10800}, {'name': 'mujs.com', 'ns': 'ns1.gandi.net', 'mailbox': 'hostmaster.gandi.net', 'serial': 1716422400, 'refresh': 10800, 'retry': 3600, 'expire': 604800, 'minttl': 10800}",NOERROR,,,,,,,,
,ipv4-c014-sjc002-ops-ix.kanaweb.mujs.com,10752,184.73.189.105,"{'name': 'mujs.com', 'ns': 'ns1.gandi.net', 'mailbox': 'hostmaster.gandi.net', 'serial': 1716422400, 'refresh': 10800, 'retry': 3600, 'expire': 604800, 'minttl': 10800}, {'name': 'mujs.com', 'ns': 'ns1.gandi.net', 'mailbox': 'hostmaster.gandi.net', 'serial': 1716422400, 'refresh': 10800, 'retry': 3600, 'expire': 604800, 'minttl': 10800}, {'name': 'mujs.com', 'ns': 'ns1.gandi.net', 'mailbox': 'hostmaster.gandi.net', 'serial': 1716422400, 'refresh': 10800, 'retry': 3600, 'expire': 604800, 'minttl': 10800}, {'name': 'mujs.com', 'ns': 'ns1.gandi.net', 'mailbox': 'hostmaster.gandi.net', 'serial': 1716422400, 'refresh': 10800, 'retry': 3600, 'expire': 604800, 'minttl': 10800}, {'name': 'mujs.com', 'ns': 'ns1.gandi.net', 'mailbox': 'hostmaster.gandi.net', 'serial': 1716422400, 'refresh': 10800, 'retry': 3600, 'expire': 604800, 'minttl': 10800}, {'name': 'mujs.com', 'ns': 'ns1.gandi.net', 'mailbox': 'hostmaster.gandi.net', 'serial': 1716422400, 'refresh': 10800, 'retry': 3600, 'expire': 604800, 'minttl': 10800}, {'name': 'mujs.com', 'ns': 'ns1.gandi.net', 'mailbox': 'hostmaster.gandi.net', 'serial': 1716422400, 'refresh': 10800, 'retry': 3600, 'expire': 604800, 'minttl': 10800}",NOERROR,,,,,,,,
,ipv4-c316-dfw001-ix.kanaweb.mujs.com,10800,184.73.189.105,"{'name': 'mujs.com', 'ns': 'ns1.gandi.net', 'mailbox': 'hostmaster.gandi.net', 'serial': 1716422400, 'refresh': 10800, 'retry': 3600, 'expire': 604800, 'minttl': 10800}, {'name': 'mujs.com', 'ns': 'ns1.gandi.net', 'mailbox': 'hostmaster.gandi.net', 'serial': 1716422400, 'refresh': 10800, 'retry': 3600, 'expire': 604800, 'minttl': 10800}, {'name': 'mujs.com', 'ns': 'ns1.gandi.net', 'mailbox': 'hostmaster.gandi.net', 'serial': 1716422400, 'refresh': 10800, 'retry': 3600, 'expire': 604800, 'minttl': 10800}, {'name': 'mujs.com', 'ns': 'ns1.gandi.net', 'mailbox': 'hostmaster.gandi.net', 'serial': 1716422400, 'refresh': 10800, 'retry': 3600, 'expire': 604800, 'minttl': 10800}, {'name': 'mujs.com', 'ns': 'ns1.gandi.net', 'mailbox': 'hostmaster.gandi.net', 'serial': 1716422400, 'refresh': 10800, 'retry': 3600, 'expire': 604800, 'minttl': 10800}, {'name': 'mujs.com', 'ns': 'ns1.gandi.net', 'mailbox': 'hostmaster.gandi.net', 'serial': 1716422400, 'refresh': 10800, 'retry': 3600, 'expire': 604800, 'minttl': 10800}",NOERROR,,,,,,,,
,iqmediacorp.kanaweb.mujs.com,10800,184.73.189.105,"{'name': 'mujs.com', 'ns': 'ns1.gandi.net', 'mailbox': 'hostmaster.gandi.net', 'serial': 1716422400, 'refresh': 10800, 'retry': 3600, 'expire': 604800, 'minttl': 10800}, {'name': 'mujs.com', 'ns': 'ns1.gandi.net', 'mailbox': 'hostmaster.gandi.net', 'serial': 1716422400, 'refresh': 10800, 'retry': 3600, 'expire': 604800, 'minttl': 10800}, {'name': 'mujs.com', 'ns': 'ns1.gandi.net', 'mailbox': 'hostmaster.gandi.net', 'serial': 1716422400, 'refresh': 10800, 'retry': 3600, 'expire': 604800, 'minttl': 10800}, {'name': 'mujs.com', 'ns': 'ns1.gandi.net', 'mailbox': 'hostmaster.gandi.net', 'serial': 1716422400, 'refresh': 10800, 'retry': 3600, 'expire': 604800, 'minttl': 10800}, {'name': 'mujs.com', 'ns': 'ns1.gandi.net', 'mailbox': 'hostmaster.gandi.net', 'serial': 1716422400, 'refresh': 10800, 'retry': 3600, 'expire': 604800, 'minttl': 10800}, {'name': 'mujs.com', 'ns': 'ns1.gandi.net', 'mailbox': 'hostmaster.gandi.net', 'serial': 1716422400, 'refresh': 10800, 'retry': 3600, 'expire': 604800, 'minttl': 10800}, {'name': 'mujs.com', 'ns': 'ns1.gandi.net', 'mailbox': 'hostmaster.gandi.net', 'serial': 1716422400, 'refresh': 10800, 'retry': 3600, 'expire': 604800, 'minttl': 10800}",NOERROR,,,,,,,,
,iworkextstore.assistirbesouroazulfilmecompletogratis1.mujs.com,10800,184.73.189.105,"{'name': 'mujs.com', 'ns': 'ns1.gandi.net', 'mailbox': 'hostmaster.gandi.net', 'serial': 1716422400, 'refresh': 10800, 'retry': 3600, 'expire': 604800, 'minttl': 10800}, {'name': 'mujs.com', 'ns': 'ns1.gandi.net', 'mailbox': 'hostmaster.gandi.net', 'serial': 1716422400, 'refresh': 10800, 'retry': 3600, 'expire': 604800, 'minttl': 10800}, {'name': 'mujs.com', 'ns': 'ns1.gandi.net', 'mailbox': 'hostmaster.gandi.net', 'serial': 1716422400, 'refresh': 10800, 'retry': 3600, 'expire': 604800, 'minttl': 10800}, {'name': 'mujs.com', 'ns': 'ns1.gandi.net', 'mailbox': 'hostmaster.gandi.net', 'serial': 1716422400, 'refresh': 10800, 'retry': 3600, 'expire': 604800, 'minttl': 10800}, {'name': 'mujs.com', 'ns': 'ns1.gandi.net', 'mailbox': 'hostmaster.gandi.net', 'serial': 1716422400, 'refresh': 10800, 'retry': 3600, 'expire': 604800, 'minttl': 10800}, {'name': 'mujs.com', 'ns': 'ns1.gandi.net', 'mailbox': 'hostmaster.gandi.net', 'serial': 1716422400, 'refresh': 10800, 'retry': 3600, 'expire': 604800, 'minttl': 10800}, {'name': 'mujs.com', 'ns': 'ns1.gandi.net', 'mailbox': 'hostmaster.gandi.net', 'serial': 1716422400, 'refresh': 10800, 'retry': 3600, 'expire': 604800, 'minttl': 10800}",NOERROR,,,,,,,,
,jrss-215-73-255-84.kanaweb.mujs.com,10800,184.73.189.105,"{'name': 'mujs.com', 'ns': 'ns1.gandi.net', 'mailbox': 'hostmaster.gandi.net', 'serial': 1716422400, 'refresh': 10800, 'retry': 3600, 'expire': 604800, 'minttl': 10800}, {'name': 'mujs.com', 'ns': 'ns1.gandi.net', 'mailbox': 'hostmaster.gandi.net', 'serial': 1716422400, 'refresh': 10800, 'retry': 3600, 'expire': 604800, 'minttl': 10800}, {'name': 'mujs.com', 'ns': 'ns1.gandi.net', 'mailbox': 'hostmaster.gandi.net', 'serial': 1716422400, 'refresh': 10800, 'retry': 3600, 'expire': 604800, 'minttl': 10800}, {'name': 'mujs.com', 'ns': 'ns1.gandi.net', 'mailbox': 'hostmaster.gandi.net', 'serial': 1716422400, 'refresh': 10800, 'retry': 3600, 'expire': 604800, 'minttl': 10800}, {'name': 'mujs.com', 'ns': 'ns1.gandi.net', 'mailbox': 'hostmaster.gandi.net', 'serial': 1716422400, 'refresh': 10800, 'retry': 3600, 'expire': 604800, 'minttl': 10800}, {'name': 'mujs.com', 'ns': 'ns1.gandi.net', 'mailbox': 'hostmaster.gandi.net', 'serial': 1716422400, 'refresh': 10800, 'retry': 3600, 'expire': 604800, 'minttl': 10800}, {'name': 'mujs.com', 'ns': 'ns1.gandi.net', 'mailbox': 'hostmaster.gandi.net', 'serial': 1716422400, 'refresh': 10800, 'retry': 3600, 'expire': 604800, 'minttl': 10800}",NOERROR,,,,,,,,
,knowledgekahub.kanaweb.mujs.com,10800,184.73.189.105,"{'name': 'mujs.com', 'ns': 'ns1.gandi.net', 'mailbox': 'hostmaster.gandi.net', 'serial': 1716422400, 'refresh': 10800, 'retry': 3600, 'expire': 604800, 'minttl': 10800}, {'name': 'mujs.com', 'ns': 'ns1.gandi.net', 'mailbox': 'hostmaster.gandi.net', 'serial': 1716422400, 'refresh': 10800, 'retry': 3600, 'expire': 604800, 'minttl': 10800}, {'name': 'mujs.com', 'ns': 'ns1.gandi.net', 'mailbox': 'hostmaster.gandi.net', 'serial': 1716422400, 'refresh': 10800, 'retry': 3600, 'expire': 604800, 'minttl': 10800}, {'name': 'mujs.com', 'ns': 'ns1.gandi.net', 'mailbox': 'hostmaster.gandi.net', 'serial': 1716422400, 'refresh': 10800, 'retry': 3600, 'expire': 604800, 'minttl': 10800}, {'name': 'mujs.com', 'ns': 'ns1.gandi.net', 'mailbox': 'hostmaster.gandi.net', 'serial': 1716422400, 'refresh': 10800, 'retry': 3600, 'expire': 604800, 'minttl': 10800}, {'name': 'mujs.com', 'ns': 'ns1.gandi.net', 'mailbox': 'hostmaster.gandi.net', 'serial': 1716422400, 'refresh': 10800, 'retry': 3600, 'expire': 604800, 'minttl': 10800}",NOERROR,,,,,,,,
,lcoe.assistirbesouroazulfilmecompletogratis1.mujs.com,10800,184.73.189.105,"{'name': 'mujs.com', 'ns': 'ns1.gandi.net', 'mailbox': 'hostmaster.gandi.net', 'serial': 1716422400, 'refresh': 10800, 'retry': 3600, 'expire': 604800, 'minttl': 10800}, {'name': 'mujs.com', 'ns': 'ns1.gandi.net', 'mailbox': 'hostmaster.gandi.net', 'serial': 1716422400, 'refresh': 10800, 'retry': 3600, 'expire': 604800, 'minttl': 10800}, {'name': 'mujs.com', 'ns': 'ns1.gandi.net', 'mailbox': 'hostmaster.gandi.net', 'serial': 1716422400, 'refresh': 10800, 'retry': 3600, 'expire': 604800, 'minttl': 10800}, {'name': 'mujs.com', 'ns': 'ns1.gandi.net', 'mailbox': 'hostmaster.gandi.net', 'serial': 1716422400, 'refresh': 10800, 'retry': 3600, 'expire': 604800, 'minttl': 10800}, {'name': 'mujs.com', 'ns': 'ns1.gandi.net', 'mailbox': 'hostmaster.gandi.net', 'serial': 1716422400, 'refresh': 10800, 'retry': 3600, 'expire': 604800, 'minttl': 10800}, {'name': 'mujs.com', 'ns': 'ns1.gandi.net', 'mailbox': 'hostmaster.gandi.net', 'serial': 1716422400, 'refresh': 10800, 'retry': 3600, 'expire': 604800, 'minttl': 10800}",NOERROR,,,,,,,,
,lert-api-shv-03-xsp1.mujs.com,10800,184.73.189.105,"{'name': 'mujs.com', 'ns': 'ns1.gandi.net', 'mailbox': 'hostmaster.gandi.net', 'serial': 1716422400, 'refresh': 10800, 'retry': 3600, 'expire': 604800, 'minttl': 10800}, {'name': 'mujs.com', 'ns': 'ns1.gandi.net', 'mailbox': 'hostmaster.gandi.net', 'serial': 1716422400, 'refresh': 10800, 'retry': 3600, 'expire': 604800, 'minttl': 10800}, {'name': 'mujs.com', 'ns': 'ns1.gandi.net', 'mailbox': 'hostmaster.gandi.net', 'serial': 1716422400, 'refresh': 10800, 'retry': 3600, 'expire': 604800, 'minttl': 10800}, {'name': 'mujs.com', 'ns': 'ns1.gandi.net', 'mailbox': 'hostmaster.gandi.net', 'serial': 1716422400, 'refresh': 10800, 'retry': 3600, 'expire': 604800, 'minttl': 10800}, {'name': 'mujs.com', 'ns': 'ns1.gandi.net', 'mailbox': 'hostmaster.gandi.net', 'serial': 1716422400, 'refresh': 10800, 'retry': 3600, 'expire': 604800, 'minttl': 10800}, {'name': 'mujs.com', 'ns': 'ns1.gandi.net', 'mailbox': 'hostmaster.gandi.net', 'serial': 1716422400, 'refresh': 10800, 'retry': 3600, 'expire': 604800, 'minttl': 10800}",NOERROR,,,,,,,,
,lon3accesspoint-a20.assistirbesouroazulfilmecompletogratis1.mujs.com,287,,"{'name': 'mujs.com', 'ns': 'ns1.gandi.net', 'mailbox': 'hostmaster.gandi.net', 'serial': 1716422400, 'refresh': 10800, 'retry': 3600, 'expire': 604800, 'minttl': 10800}, {'name': 'mujs.com', 'ns': 'ns1.gandi.net', 'mailbox': 'hostmaster.gandi.net', 'serial': 1716422400, 'refresh': 10800, 'retry': 3600, 'expire': 604800, 'minttl': 10800}, {'name': 'mujs.com', 'ns': 'ns1.gandi.net', 'mailbox': 'hostmaster.gandi.net', 'serial': 1716422400, 'refresh': 10800, 'retry': 3600, 'expire': 604800, 'minttl': 10800}, {'name': 'mujs.com', 'ns': 'ns1.gandi.net', 'mailbox': 'hostmaster.gandi.net', 'serial': 1716422400, 'refresh': 10800, 'retry': 3600, 'expire': 604800, 'minttl': 10800}, {'name': 'mujs.com', 'ns': 'ns1.gandi.net', 'mailbox': 'hostmaster.gandi.net', 'serial': 1716422400, 'refresh': 10800, 'retry': 3600, 'expire': 604800, 'minttl': 10800}, {'name': 'mujs.com', 'ns': 'ns1.gandi.net', 'mailbox': 'hostmaster.gandi.net', 'serial': 1716422400, 'refresh': 10800, 'retry': 3600, 'expire': 604800, 'minttl': 10800}, {'name': 'mujs.com', 'ns': 'ns1.gandi.net', 'mailbox': 'hostmaster.gandi.net', 'serial': 1716422400, 'refresh': 10800, 'retry': 3600, 'expire': 604800, 'minttl': 10800}",NOERROR,,,,,,,,
,miicrosoft-authentication.kanaweb.mujs.com,10800,184.73.189.105,"{'name': 'mujs.com', 'ns': 'ns1.gandi.net', 'mailbox': 'hostmaster.gandi.net', 'serial': 1716422400, 'refresh': 10800, 'retry': 3600, 'expire': 604800, 'minttl': 10800}, {'name': 'mujs.com', 'ns': 'ns1.gandi.net', 'mailbox': 'hostmaster.gandi.net', 'serial': 1716422400, 'refresh': 10800, 'retry': 3600, 'expire': 604800, 'minttl': 10800}, {'name': 'mujs.com', 'ns': 'ns1.gandi.net', 'mailbox': 'hostmaster.gandi.net', 'serial': 1716422400, 'refresh': 10800, 'retry': 3600, 'expire': 604800, 'minttl': 10800}, {'name': 'mujs.com', 'ns': 'ns1.gandi.net', 'mailbox': 'hostmaster.gandi.net', 'serial': 1716422400, 'refresh': 10800, 'retry': 3600, 'expire': 604800, 'minttl': 10800}, {'name': 'mujs.com', 'ns': 'ns1.gandi.net', 'mailbox': 'hostmaster.gandi.net', 'serial': 1716422400, 'refresh': 10800, 'retry': 3600, 'expire': 604800, 'minttl': 10800}, {'name': 'mujs.com', 'ns': 'ns1.gandi.net', 'mailbox': 'hostmaster.gandi.net', 'serial': 1716422400, 'refresh': 10800, 'retry': 3600, 'expire': 604800, 'minttl': 10800}, {'name': 'mujs.com', 'ns': 'ns1.gandi.net', 'mailbox': 'hostmaster.gandi.net', 'serial': 1716422400, 'refresh': 10800, 'retry': 3600, 'expire': 604800, 'minttl': 10800}",NOERROR,,,,,,,,
,millsoftdev.kanaweb.mujs.com,10800,184.73.189.105,"{'name': 'mujs.com', 'ns': 'ns1.gandi.net', 'mailbox': 'hostmaster.gandi.net', 'serial': 1716422400, 'refresh': 10800, 'retry': 3600, 'expire': 604800, 'minttl': 10800}, {'name': 'mujs.com', 'ns': 'ns1.gandi.net', 'mailbox': 'hostmaster.gandi.net', 'serial': 1716422400, 'refresh': 10800, 'retry': 3600, 'expire': 604800, 'minttl': 10800}, {'name': 'mujs.com', 'ns': 'ns1.gandi.net', 'mailbox': 'hostmaster.gandi.net', 'serial': 1716422400, 'refresh': 10800, 'retry': 3600, 'expire': 604800, 'minttl': 10800}, {'name': 'mujs.com', 'ns': 'ns1.gandi.net', 'mailbox': 'hostmaster.gandi.net', 'serial': 1716422400, 'refresh': 10800, 'retry': 3600, 'expire': 604800, 'minttl': 10800}, {'name': 'mujs.com', 'ns': 'ns1.gandi.net', 'mailbox': 'hostmaster.gandi.net', 'serial': 1716422400, 'refresh': 10800, 'retry': 3600, 'expire': 604800, 'minttl': 10800}, {'name': 'mujs.com', 'ns': 'ns1.gandi.net', 'mailbox': 'hostmaster.gandi.net', 'serial': 1716422400, 'refresh': 10800, 'retry': 3600, 'expire': 604800, 'minttl': 10800}",NOERROR,,,,,,,,
,mujs.com,3600,,"{'name': 'mujs.com', 'ns': 'ns1.gandi.net', 'mailbox': 'hostmaster.gandi.net', 'serial': 1716422400, 'refresh': 10800, 'retry': 3600, 'expire': 604800, 'minttl': 10800}, {'name': 'mujs.com', 'ns': 'ns1.gandi.net', 'mailbox': 'hostmaster.gandi.net', 'serial': 1716422400, 'refresh': 10800, 'retry': 3600, 'expire': 604800, 'minttl': 10800}, {'name': 'mujs.com', 'ns': 'ns1.gandi.net', 'mailbox': 'hostmaster.gandi.net', 'serial': 1716422400, 'refresh': 10800, 'retry': 3600, 'expire': 604800, 'minttl': 10800}",NOERROR,,,,,,"v=spf1 include:_mailcust.gandi.net ?all, v=spf1 mx a ptr ~all",,
,newjenkins.assistirbesouroazulfilmecompletogratis1.mujs.com,10800,184.73.189.105,"{'name': 'mujs.com', 'ns': 'ns1.gandi.net', 'mailbox': 'hostmaster.gandi.net', 'serial': 1716422400, 'refresh': 10800, 'retry': 3600, 'expire': 604800, 'minttl': 10800}, {'name': 'mujs.com', 'ns': 'ns1.gandi.net', 'mailbox': 'hostmaster.gandi.net', 'serial': 1716422400, 'refresh': 10800, 'retry': 3600, 'expire': 604800, 'minttl': 10800}, {'name': 'mujs.com', 'ns': 'ns1.gandi.net', 'mailbox': 'hostmaster.gandi.net', 'serial': 1716422400, 'refresh': 10800, 'retry': 3600, 'expire': 604800, 'minttl': 10800}, {'name': 'mujs.com', 'ns': 'ns1.gandi.net', 'mailbox': 'hostmaster.gandi.net', 'serial': 1716422400, 'refresh': 10800, 'retry': 3600, 'expire': 604800, 'minttl': 10800}, {'name': 'mujs.com', 'ns': 'ns1.gandi.net', 'mailbox': 'hostmaster.gandi.net', 'serial': 1716422400, 'refresh': 10800, 'retry': 3600, 'expire': 604800, 'minttl': 10800}, {'name': 'mujs.com', 'ns': 'ns1.gandi.net', 'mailbox': 'hostmaster.gandi.net', 'serial': 1716422400, 'refresh': 10800, 'retry': 3600, 'expire': 604800, 'minttl': 10800}",NOERROR,,,,,,,,
,o58dja.assistirbesouroazulfilmecompletogratis1.mujs.com,10800,184.73.189.105,"{'name': 'mujs.com', 'ns': 'ns1.gandi.net', 'mailbox': 'hostmaster.gandi.net', 'serial': 1716422400, 'refresh': 10800, 'retry': 3600, 'expire': 604800, 'minttl': 10800}, {'name': 'mujs.com', 'ns': 'ns1.gandi.net', 'mailbox': 'hostmaster.gandi.net', 'serial': 1716422400, 'refresh': 10800, 'retry': 3600, 'expire': 604800, 'minttl': 10800}, {'name': 'mujs.com', 'ns': 'ns1.gandi.net', 'mailbox': 'hostmaster.gandi.net', 'serial': 1716422400, 'refresh': 10800, 'retry': 3600, 'expire': 604800, 'minttl': 10800}, {'name': 'mujs.com', 'ns': 'ns1.gandi.net', 'mailbox': 'hostmaster.gandi.net', 'serial': 1716422400, 'refresh': 10800, 'retry': 3600, 'expire': 604800, 'minttl': 10800}, {'name': 'mujs.com', 'ns': 'ns1.gandi.net', 'mailbox': 'hostmaster.gandi.net', 'serial': 1716422400, 'refresh': 10800, 'retry': 3600, 'expire': 604800, 'minttl': 10800}, {'name': 'mujs.com', 'ns': 'ns1.gandi.net', 'mailbox': 'hostmaster.gandi.net', 'serial': 1716422400, 'refresh': 10800, 'retry': 3600, 'expire': 604800, 'minttl': 10800}",NOERROR,,,,,,,,
,oculus.kanaweb.mujs.com,1800,,"{'name': 'mujs.com', 'ns': 'ns1.gandi.net', 'mailbox': 'hostmaster.gandi.net', 'serial': 1716422400, 'refresh': 10800, 'retry': 3600, 'expire': 604800, 'minttl': 10800}, {'name': 'mujs.com', 'ns': 'ns1.gandi.net', 'mailbox': 'hostmaster.gandi.net', 'serial': 1716422400, 'refresh': 10800, 'retry': 3600, 'expire': 604800, 'minttl': 10800}, {'name': 'mujs.com', 'ns': 'ns1.gandi.net', 'mailbox': 'hostmaster.gandi.net', 'serial': 1716422400, 'refresh': 10800, 'retry': 3600, 'expire': 604800, 'minttl': 10800}, {'name': 'mujs.com', 'ns': 'ns1.gandi.net', 'mailbox': 'hostmaster.gandi.net', 'serial': 1716422400, 'refresh': 10800, 'retry': 3600, 'expire': 604800, 'minttl': 10800}, {'name': 'mujs.com', 'ns': 'ns1.gandi.net', 'mailbox': 'hostmaster.gandi.net', 'serial': 1716422400, 'refresh': 10800, 'retry': 3600, 'expire': 604800, 'minttl': 10800}, {'name': 'mujs.com', 'ns': 'ns1.gandi.net', 'mailbox': 'hostmaster.gandi.net', 'serial': 1716422400, 'refresh': 10800, 'retry': 3600, 'expire': 604800, 'minttl': 10800}, {'name': 'mujs.com', 'ns': 'ns1.gandi.net', 'mailbox': 'hostmaster.gandi.net', 'serial': 1716422400, 'refresh': 10800, 'retry': 3600, 'expire': 604800, 'minttl': 10800}",NOERROR,,,,,,,,
,opusd51-cookies.kanaweb.mujs.com,10800,184.73.189.105,"{'name': 'mujs.com', 'ns': 'ns1.gandi.net', 'mailbox': 'hostmaster.gandi.net', 'serial': 1716422400, 'refresh': 10800, 'retry': 3600, 'expire': 604800, 'minttl': 10800}, {'name': 'mujs.com', 'ns': 'ns1.gandi.net', 'mailbox': 'hostmaster.gandi.net', 'serial': 1716422400, 'refresh': 10800, 'retry': 3600, 'expire': 604800, 'minttl': 10800}, {'name': 'mujs.com', 'ns': 'ns1.gandi.net', 'mailbox': 'hostmaster.gandi.net', 'serial': 1716422400, 'refresh': 10800, 'retry': 3600, 'expire': 604800, 'minttl': 10800}, {'name': 'mujs.com', 'ns': 'ns1.gandi.net', 'mailbox': 'hostmaster.gandi.net', 'serial': 1716422400, 'refresh': 10800, 'retry': 3600, 'expire': 604800, 'minttl': 10800}, {'name': 'mujs.com', 'ns': 'ns1.gandi.net', 'mailbox': 'hostmaster.gandi.net', 'serial': 1716422400, 'refresh': 10800, 'retry': 3600, 'expire': 604800, 'minttl': 10800}, {'name': 'mujs.com', 'ns': 'ns1.gandi.net', 'mailbox': 'hostmaster.gandi.net', 'serial': 1716422400, 'refresh': 10800, 'retry': 3600, 'expire': 604800, 'minttl': 10800}, {'name': 'mujs.com', 'ns': 'ns1.gandi.net', 'mailbox': 'hostmaster.gandi.net', 'serial': 1716422400, 'refresh': 10800, 'retry': 3600, 'expire': 604800, 'minttl': 10800}",NOERROR,,,,,,,,
,oquendocenter.kanaweb.mujs.com,10800,184.73.189.105,"{'name': 'mujs.com', 'ns': 'ns1.gandi.net', 'mailbox': 'hostmaster.gandi.net', 'serial': 1716422400, 'refresh': 10800, 'retry': 3600, 'expire': 604800, 'minttl': 10800}, {'name': 'mujs.com', 'ns': 'ns1.gandi.net', 'mailbox': 'hostmaster.gandi.net', 'serial': 1716422400, 'refresh': 10800, 'retry': 3600, 'expire': 604800, 'minttl': 10800}, {'name': 'mujs.com', 'ns': 'ns1.gandi.net', 'mailbox': 'hostmaster.gandi.net', 'serial': 1716422400, 'refresh': 10800, 'retry': 3600, 'expire': 604800, 'minttl': 10800}, {'name': 'mujs.com', 'ns': 'ns1.gandi.net', 'mailbox': 'hostmaster.gandi.net', 'serial': 1716422400, 'refresh': 10800, 'retry': 3600, 'expire': 604800, 'minttl': 10800}",NOERROR,,,,,,,,
,pollinator.assistirbesouroazulfilmecompletogratis1.mujs.com,10800,184.73.189.105,"{'name': 'mujs.com', 'ns': 'ns1.gandi.net', 'mailbox': 'hostmaster.gandi.net', 'serial': 1716422400, 'refresh': 10800, 'retry': 3600, 'expire': 604800, 'minttl': 10800}, {'name': 'mujs.com', 'ns': 'ns1.gandi.net', 'mailbox': 'hostmaster.gandi.net', 'serial': 1716422400, 'refresh': 10800, 'retry': 3600, 'expire': 604800, 'minttl': 10800}, {'name': 'mujs.com', 'ns': 'ns1.gandi.net', 'mailbox': 'hostmaster.gandi.net', 'serial': 1716422400, 'refresh': 10800, 'retry': 3600, 'expire': 604800, 'minttl': 10800}, {'name': 'mujs.com', 'ns': 'ns1.gandi.net', 'mailbox': 'hostmaster.gandi.net', 'serial': 1716422400, 'refresh': 10800, 'retry': 3600, 'expire': 604800, 'minttl': 10800}, {'name': 'mujs.com', 'ns': 'ns1.gandi.net', 'mailbox': 'hostmaster.gandi.net', 'serial': 1716422400, 'refresh': 10800, 'retry': 3600, 'expire': 604800, 'minttl': 10800}",NOERROR,,,,,,,,
,public-zthybcpqzkzku5fi.kanaweb.mujs.com,10800,184.73.189.105,"{'name': 'mujs.com', 'ns': 'ns1.gandi.net', 'mailbox': 'hostmaster.gandi.net', 'serial': 1716422400, 'refresh': 10800, 'retry': 3600, 'expire': 604800, 'minttl': 10800}, {'name': 'mujs.com', 'ns': 'ns1.gandi.net', 'mailbox': 'hostmaster.gandi.net', 'serial': 1716422400, 'refresh': 10800, 'retry': 3600, 'expire': 604800, 'minttl': 10800}, {'name': 'mujs.com', 'ns': 'ns1.gandi.net', 'mailbox': 'hostmaster.gandi.net', 'serial': 1716422400, 'refresh': 10800, 'retry': 3600, 'expire': 604800, 'minttl': 10800}, {'name': 'mujs.com', 'ns': 'ns1.gandi.net', 'mailbox': 'hostmaster.gandi.net', 'serial': 1716422400, 'refresh': 10800, 'retry': 3600, 'expire': 604800, 'minttl': 10800}",NOERROR,,,,,,,,
,redirecto15.assistirbesouroazulfilmecompletogratis1.mujs.com,3182,,"{'name': 'mujs.com', 'ns': 'ns1.gandi.net', 'mailbox': 'hostmaster.gandi.net', 'serial': 1716422400, 'refresh': 10800, 'retry': 3600, 'expire': 604800, 'minttl': 10800}, {'name': 'mujs.com', 'ns': 'ns1.gandi.net', 'mailbox': 'hostmaster.gandi.net', 'serial': 1716422400, 'refresh': 10800, 'retry': 3600, 'expire': 604800, 'minttl': 10800}, {'name': 'mujs.com', 'ns': 'ns1.gandi.net', 'mailbox': 'hostmaster.gandi.net', 'serial': 1716422400, 'refresh': 10800, 'retry': 3600, 'expire': 604800, 'minttl': 10800}, {'name': 'mujs.com', 'ns': 'ns1.gandi.net', 'mailbox': 'hostmaster.gandi.net', 'serial': 1716422400, 'refresh': 10800, 'retry': 3600, 'expire': 604800, 'minttl': 10800}, {'name': 'mujs.com', 'ns': 'ns1.gandi.net', 'mailbox': 'hostmaster.gandi.net', 'serial': 1716422400, 'refresh': 10800, 'retry': 3600, 'expire': 604800, 'minttl': 10800}, {'name': 'mujs.com', 'ns': 'ns1.gandi.net', 'mailbox': 'hostmaster.gandi.net', 'serial': 1716422400, 'refresh': 10800, 'retry': 3600, 'expire': 604800, 'minttl': 10800}, {'name': 'mujs.com', 'ns': 'ns1.gandi.net', 'mailbox': 'hostmaster.gandi.net', 'serial': 1716422400, 'refresh': 10800, 'retry': 3600, 'expire': 604800, 'minttl': 10800}",NOERROR,,,,,,,,
,release-bot-monolith.kanaweb.mujs.com,10800,184.73.189.105,"{'name': 'mujs.com', 'ns': 'ns1.gandi.net', 'mailbox': 'hostmaster.gandi.net', 'serial': 1716422400, 'refresh': 10800, 'retry': 3600, 'expire': 604800, 'minttl': 10800}, {'name': 'mujs.com', 'ns': 'ns1.gandi.net', 'mailbox': 'hostmaster.gandi.net', 'serial': 1716422400, 'refresh': 10800, 'retry': 3600, 'expire': 604800, 'minttl': 10800}, {'name': 'mujs.com', 'ns': 'ns1.gandi.net', 'mailbox': 'hostmaster.gandi.net', 'serial': 1716422400, 'refresh': 10800, 'retry': 3600, 'expire': 604800, 'minttl': 10800}, {'name': 'mujs.com', 'ns': 'ns1.gandi.net', 'mailbox': 'hostmaster.gandi.net', 'serial': 1716422400, 'refresh': 10800, 'retry': 3600, 'expire': 604800, 'minttl': 10800}, {'name': 'mujs.com', 'ns': 'ns1.gandi.net', 'mailbox': 'hostmaster.gandi.net', 'serial': 1716422400, 'refresh': 10800, 'retry': 3600, 'expire': 604800, 'minttl': 10800}, {'name': 'mujs.com', 'ns': 'ns1.gandi.net', 'mailbox': 'hostmaster.gandi.net', 'serial': 1716422400, 'refresh': 10800, 'retry': 3600, 'expire': 604800, 'minttl': 10800}, {'name': 'mujs.com', 'ns': 'ns1.gandi.net', 'mailbox': 'hostmaster.gandi.net', 'serial': 1716422400, 'refresh': 10800, 'retry': 3600, 'expire': 604800, 'minttl': 10800}",NOERROR,,,,,,,,
,ret-4-1-5.kanaweb.mujs.com,10800,184.73.189.105,"{'name': 'mujs.com', 'ns': 'ns1.gandi.net', 'mailbox': 'hostmaster.gandi.net', 'serial': 1716422400, 'refresh': 10800, 'retry': 3600, 'expire': 604800, 'minttl': 10800}, {'name': 'mujs.com', 'ns': 'ns1.gandi.net', 'mailbox': 'hostmaster.gandi.net', 'serial': 1716422400, 'refresh': 10800, 'retry': 3600, 'expire': 604800, 'minttl': 10800}, {'name': 'mujs.com', 'ns': 'ns1.gandi.net', 'mailbox': 'hostmaster.gandi.net', 'serial': 1716422400, 'refresh': 10800, 'retry': 3600, 'expire': 604800, 'minttl': 10800}, {'name': 'mujs.com', 'ns': 'ns1.gandi.net', 'mailbox': 'hostmaster.gandi.net', 'serial': 1716422400, 'refresh': 10800, 'retry': 3600, 'expire': 604800, 'minttl': 10800}, {'name': 'mujs.com', 'ns': 'ns1.gandi.net', 'mailbox': 'hostmaster.gandi.net', 'serial': 1716422400, 'refresh': 10800, 'retry': 3600, 'expire': 604800, 'minttl': 10800}",NOERROR,,,,,,,,
,rpm-qa3.kanaweb.mujs.com,10800,184.73.189.105,"{'name': 'mujs.com', 'ns': 'ns1.gandi.net', 'mailbox': 'hostmaster.gandi.net', 'serial': 1716422400, 'refresh': 10800, 'retry': 3600, 'expire': 604800, 'minttl': 10800}, {'name': 'mujs.com', 'ns': 'ns1.gandi.net', 'mailbox': 'hostmaster.gandi.net', 'serial': 1716422400, 'refresh': 10800, 'retry': 3600, 'expire': 604800, 'minttl': 10800}, {'name': 'mujs.com', 'ns': 'ns1.gandi.net', 'mailbox': 'hostmaster.gandi.net', 'serial': 1716422400, 'refresh': 10800, 'retry': 3600, 'expire': 604800, 'minttl': 10800}, {'name': 'mujs.com', 'ns': 'ns1.gandi.net', 'mailbox': 'hostmaster.gandi.net', 'serial': 1716422400, 'refresh': 10800, 'retry': 3600, 'expire': 604800, 'minttl': 10800}, {'name': 'mujs.com', 'ns': 'ns1.gandi.net', 'mailbox': 'hostmaster.gandi.net', 'serial': 1716422400, 'refresh': 10800, 'retry': 3600, 'expire': 604800, 'minttl': 10800}, {'name': 'mujs.com', 'ns': 'ns1.gandi.net', 'mailbox': 'hostmaster.gandi.net', 'serial': 1716422400, 'refresh': 10800, 'retry': 3600, 'expire': 604800, 'minttl': 10800}",NOERROR,,,,,,,,
,rsvd-zahavcho3xgfxvzn.kanaweb.mujs.com,10800,184.73.189.105,"{'name': 'mujs.com', 'ns': 'ns1.gandi.net', 'mailbox': 'hostmaster.gandi.net', 'serial': 1716422400, 'refresh': 10800, 'retry': 3600, 'expire': 604800, 'minttl': 10800}, {'name': 'mujs.com', 'ns': 'ns1.gandi.net', 'mailbox': 'hostmaster.gandi.net', 'serial': 1716422400, 'refresh': 10800, 'retry': 3600, 'expire': 604800, 'minttl': 10800}, {'name': 'mujs.com', 'ns': 'ns1.gandi.net', 'mailbox': 'hostmaster.gandi.net', 'serial': 1716422400, 'refresh': 10800, 'retry': 3600, 'expire': 604800, 'minttl': 10800}, {'name': 'mujs.com', 'ns': 'ns1.gandi.net', 'mailbox': 'hostmaster.gandi.net', 'serial': 1716422400, 'refresh': 10800, 'retry': 3600, 'expire': 604800, 'minttl': 10800}, {'name': 'mujs.com', 'ns': 'ns1.gandi.net', 'mailbox': 'hostmaster.gandi.net', 'serial': 1716422400, 'refresh': 10800, 'retry': 3600, 'expire': 604800, 'minttl': 10800}, {'name': 'mujs.com', 'ns': 'ns1.gandi.net', 'mailbox': 'hostmaster.gandi.net', 'serial': 1716422400, 'refresh': 10800, 'retry': 3600, 'expire': 604800, 'minttl': 10800}, {'name': 'mujs.com', 'ns': 'ns1.gandi.net', 'mailbox': 'hostmaster.gandi.net', 'serial': 1716422400, 'refresh': 10800, 'retry': 3600, 'expire': 604800, 'minttl': 10800}",NOERROR,,,,,,,,
,search-stable.assistirbesouroazulfilmecompletogratis1.mujs.com,10800,184.73.189.105,"{'name': 'mujs.com', 'ns': 'ns1.gandi.net', 'mailbox': 'hostmaster.gandi.net', 'serial': 1716422400, 'refresh': 10800, 'retry': 3600, 'expire': 604800, 'minttl': 10800}, {'name': 'mujs.com', 'ns': 'ns1.gandi.net', 'mailbox': 'hostmaster.gandi.net', 'serial': 1716422400, 'refresh': 10800, 'retry': 3600, 'expire': 604800, 'minttl': 10800}, {'name': 'mujs.com', 'ns': 'ns1.gandi.net', 'mailbox': 'hostmaster.gandi.net', 'serial': 1716422400, 'refresh': 10800, 'retry': 3600, 'expire': 604800, 'minttl': 10800}, {'name': 'mujs.com', 'ns': 'ns1.gandi.net', 'mailbox': 'hostmaster.gandi.net', 'serial': 1716422400, 'refresh': 10800, 'retry': 3600, 'expire': 604800, 'minttl': 10800}, {'name': 'mujs.com', 'ns': 'ns1.gandi.net', 'mailbox': 'hostmaster.gandi.net', 'serial': 1716422400, 'refresh': 10800, 'retry': 3600, 'expire': 604800, 'minttl': 10800}, {'name': 'mujs.com', 'ns': 'ns1.gandi.net', 'mailbox': 'hostmaster.gandi.net', 'serial': 1716422400, 'refresh': 10800, 'retry': 3600, 'expire': 604800, 'minttl': 10800}",NOERROR,,,,,,,,
,stgqy.kanaweb.mujs.com,10800,184.73.189.105,"{'name': 'mujs.com', 'ns': 'ns1.gandi.net', 'mailbox': 'hostmaster.gandi.net', 'serial': 1716422400, 'refresh': 10800, 'retry': 3600, 'expire': 604800, 'minttl': 10800}, {'name': 'mujs.com', 'ns': 'ns1.gandi.net', 'mailbox': 'hostmaster.gandi.net', 'serial': 1716422400, 'refresh': 10800, 'retry': 3600, 'expire': 604800, 'minttl': 10800}, {'name': 'mujs.com', 'ns': 'ns1.gandi.net', 'mailbox': 'hostmaster.gandi.net', 'serial': 1716422400, 'refresh': 10800, 'retry': 3600, 'expire': 604800, 'minttl': 10800}, {'name': 'mujs.com', 'ns': 'ns1.gandi.net', 'mailbox': 'hostmaster.gandi.net', 'serial': 1716422400, 'refresh': 10800, 'retry': 3600, 'expire': 604800, 'minttl': 10800}, {'name': 'mujs.com', 'ns': 'ns1.gandi.net', 'mailbox': 'hostmaster.gandi.net', 'serial': 1716422400, 'refresh': 10800, 'retry': 3600, 'expire': 604800, 'minttl': 10800}, {'name': 'mujs.com', 'ns': 'ns1.gandi.net', 'mailbox': 'hostmaster.gandi.net', 'serial': 1716422400, 'refresh': 10800, 'retry': 3600, 'expire': 604800, 'minttl': 10800}, {'name': 'mujs.com', 'ns': 'ns1.gandi.net', 'mailbox': 'hostmaster.gandi.net', 'serial': 1716422400, 'refresh': 10800, 'retry': 3600, 'expire': 604800, 'minttl': 10800}",NOERROR,,,,,,,,
,tajholidays.kanaweb.mujs.com,10800,184.73.189.105,"{'name': 'mujs.com', 'ns': 'ns1.gandi.net', 'mailbox': 'hostmaster.gandi.net', 'serial': 1716422400, 'refresh': 10800, 'retry': 3600, 'expire': 604800, 'minttl': 10800}, {'name': 'mujs.com', 'ns': 'ns1.gandi.net', 'mailbox': 'hostmaster.gandi.net', 'serial': 1716422400, 'refresh': 10800, 'retry': 3600, 'expire': 604800, 'minttl': 10800}, {'name': 'mujs.com', 'ns': 'ns1.gandi.net', 'mailbox': 'hostmaster.gandi.net', 'serial': 1716422400, 'refresh': 10800, 'retry': 3600, 'expire': 604800, 'minttl': 10800}, {'name': 'mujs.com', 'ns': 'ns1.gandi.net', 'mailbox': 'hostmaster.gandi.net', 'serial': 1716422400, 'refresh': 10800, 'retry': 3600, 'expire': 604800, 'minttl': 10800}, {'name': 'mujs.com', 'ns': 'ns1.gandi.net', 'mailbox': 'hostmaster.gandi.net', 'serial': 1716422400, 'refresh': 10800, 'retry': 3600, 'expire': 604800, 'minttl': 10800}, {'name': 'mujs.com', 'ns': 'ns1.gandi.net', 'mailbox': 'hostmaster.gandi.net', 'serial': 1716422400, 'refresh': 10800, 'retry': 3600, 'expire': 604800, 'minttl': 10800}",NOERROR,,,,,,,,
,tor287-319-gre.assistirbesouroazulfilmecompletogratis1.mujs.com,10800,184.73.189.105,"{'name': 'mujs.com', 'ns': 'ns1.gandi.net', 'mailbox': 'hostmaster.gandi.net', 'serial': 1716422400, 'refresh': 10800, 'retry': 3600, 'expire': 604800, 'minttl': 10800}, {'name': 'mujs.com', 'ns': 'ns1.gandi.net', 'mailbox': 'hostmaster.gandi.net', 'serial': 1716422400, 'refresh': 10800, 'retry': 3600, 'expire': 604800, 'minttl': 10800}, {'name': 'mujs.com', 'ns': 'ns1.gandi.net', 'mailbox': 'hostmaster.gandi.net', 'serial': 1716422400, 'refresh': 10800, 'retry': 3600, 'expire': 604800, 'minttl': 10800}, {'name': 'mujs.com', 'ns': 'ns1.gandi.net', 'mailbox': 'hostmaster.gandi.net', 'serial': 1716422400, 'refresh': 10800, 'retry': 3600, 'expire': 604800, 'minttl': 10800}, {'name': 'mujs.com', 'ns': 'ns1.gandi.net', 'mailbox': 'hostmaster.gandi.net', 'serial': 1716422400, 'refresh': 10800, 'retry': 3600, 'expire': 604800, 'minttl': 10800}, {'name': 'mujs.com', 'ns': 'ns1.gandi.net', 'mailbox': 'hostmaster.gandi.net', 'serial': 1716422400, 'refresh': 10800, 'retry': 3600, 'expire': 604800, 'minttl': 10800}, {'name': 'mujs.com', 'ns': 'ns1.gandi.net', 'mailbox': 'hostmaster.gandi.net', 'serial': 1716422400, 'refresh': 10800, 'retry': 3600, 'expire': 604800, 'minttl': 10800}",NOERROR,,,,,,,,
,tpncy-opsportal-na-beta.assistirbesouroazulfilmecompletogratis1.mujs.com,10800,184.73.189.105,"{'name': 'mujs.com', 'ns': 'ns1.gandi.net', 'mailbox': 'hostmaster.gandi.net', 'serial': 1716422400, 'refresh': 10800, 'retry': 3600, 'expire': 604800, 'minttl': 10800}, {'name': 'mujs.com', 'ns': 'ns1.gandi.net', 'mailbox': 'hostmaster.gandi.net', 'serial': 1716422400, 'refresh': 10800, 'retry': 3600, 'expire': 604800, 'minttl': 10800}, {'name': 'mujs.com', 'ns': 'ns1.gandi.net', 'mailbox': 'hostmaster.gandi.net', 'serial': 1716422400, 'refresh': 10800, 'retry': 3600, 'expire': 604800, 'minttl': 10800}, {'name': 'mujs.com', 'ns': 'ns1.gandi.net', 'mailbox': 'hostmaster.gandi.net', 'serial': 1716422400, 'refresh': 10800, 'retry': 3600, 'expire': 604800, 'minttl': 10800}, {'name': 'mujs.com', 'ns': 'ns1.gandi.net', 'mailbox': 'hostmaster.gandi.net', 'serial': 1716422400, 'refresh': 10800, 'retry': 3600, 'expire': 604800, 'minttl': 10800}, {'name': 'mujs.com', 'ns': 'ns1.gandi.net', 'mailbox': 'hostmaster.gandi.net', 'serial': 1716422400, 'refresh': 10800, 'retry': 3600, 'expire': 604800, 'minttl': 10800}, {'name': 'mujs.com', 'ns': 'ns1.gandi.net', 'mailbox': 'hostmaster.gandi.net', 'serial': 1716422400, 'refresh': 10800, 'retry': 3600, 'expire': 604800, 'minttl': 10800}",NOERROR,,,,,,,,
,upgrademirror-salesbetatemp-exchangedns.kanaweb.mujs.com,10800,184.73.189.105,"{'name': 'mujs.com', 'ns': 'ns1.gandi.net', 'mailbox': 'hostmaster.gandi.net', 'serial': 1716422400, 'refresh': 10800, 'retry': 3600, 'expire': 604800, 'minttl': 10800}, {'name': 'mujs.com', 'ns': 'ns1.gandi.net', 'mailbox': 'hostmaster.gandi.net', 'serial': 1716422400, 'refresh': 10800, 'retry': 3600, 'expire': 604800, 'minttl': 10800}, {'name': 'mujs.com', 'ns': 'ns1.gandi.net', 'mailbox': 'hostmaster.gandi.net', 'serial': 1716422400, 'refresh': 10800, 'retry': 3600, 'expire': 604800, 'minttl': 10800}, {'name': 'mujs.com', 'ns': 'ns1.gandi.net', 'mailbox': 'hostmaster.gandi.net', 'serial': 1716422400, 'refresh': 10800, 'retry': 3600, 'expire': 604800, 'minttl': 10800}, {'name': 'mujs.com', 'ns': 'ns1.gandi.net', 'mailbox': 'hostmaster.gandi.net', 'serial': 1716422400, 'refresh': 10800, 'retry': 3600, 'expire': 604800, 'minttl': 10800}, {'name': 'mujs.com', 'ns': 'ns1.gandi.net', 'mailbox': 'hostmaster.gandi.net', 'serial': 1716422400, 'refresh': 10800, 'retry': 3600, 'expire': 604800, 'minttl': 10800}, {'name': 'mujs.com', 'ns': 'ns1.gandi.net', 'mailbox': 'hostmaster.gandi.net', 'serial': 1716422400, 'refresh': 10800, 'retry': 3600, 'expire': 604800, 'minttl': 10800}",NOERROR,,,,,,,,
,us-texas.assistirbesouroazulfilmecompletogratis1.mujs.com,10800,184.73.189.105,"{'name': 'mujs.com', 'ns': 'ns1.gandi.net', 'mailbox': 'hostmaster.gandi.net', 'serial': 1716422400, 'refresh': 10800, 'retry': 3600, 'expire': 604800, 'minttl': 10800}, {'name': 'mujs.com', 'ns': 'ns1.gandi.net', 'mailbox': 'hostmaster.gandi.net', 'serial': 1716422400, 'refresh': 10800, 'retry': 3600, 'expire': 604800, 'minttl': 10800}, {'name': 'mujs.com', 'ns': 'ns1.gandi.net', 'mailbox': 'hostmaster.gandi.net', 'serial': 1716422400, 'refresh': 10800, 'retry': 3600, 'expire': 604800, 'minttl': 10800}, {'name': 'mujs.com', 'ns': 'ns1.gandi.net', 'mailbox': 'hostmaster.gandi.net', 'serial': 1716422400, 'refresh': 10800, 'retry': 3600, 'expire': 604800, 'minttl': 10800}, {'name': 'mujs.com', 'ns': 'ns1.gandi.net', 'mailbox': 'hostmaster.gandi.net', 'serial': 1716422400, 'refresh': 10800, 'retry': 3600, 'expire': 604800, 'minttl': 10800}, {'name': 'mujs.com', 'ns': 'ns1.gandi.net', 'mailbox': 'hostmaster.gandi.net', 'serial': 1716422400, 'refresh': 10800, 'retry': 3600, 'expire': 604800, 'minttl': 10800}",NOERROR,,,,,,,,
,v2exchangemember-config.assistirbesouroazulfilmecompletogratis1.mujs.com,10800,184.73.189.105,"{'name': 'mujs.com', 'ns': 'ns1.gandi.net', 'mailbox': 'hostmaster.gandi.net', 'serial': 1716422400, 'refresh': 10800, 'retry': 3600, 'expire': 604800, 'minttl': 10800}, {'name': 'mujs.com', 'ns': 'ns1.gandi.net', 'mailbox': 'hostmaster.gandi.net', 'serial': 1716422400, 'refresh': 10800, 'retry': 3600, 'expire': 604800, 'minttl': 10800}, {'name': 'mujs.com', 'ns': 'ns1.gandi.net', 'mailbox': 'hostmaster.gandi.net', 'serial': 1716422400, 'refresh': 10800, 'retry': 3600, 'expire': 604800, 'minttl': 10800}, {'name': 'mujs.com', 'ns': 'ns1.gandi.net', 'mailbox': 'hostmaster.gandi.net', 'serial': 1716422400, 'refresh': 10800, 'retry': 3600, 'expire': 604800, 'minttl': 10800}, {'name': 'mujs.com', 'ns': 'ns1.gandi.net', 'mailbox': 'hostmaster.gandi.net', 'serial': 1716422400, 'refresh': 10800, 'retry': 3600, 'expire': 604800, 'minttl': 10800}",NOERROR,,,,,,,,
,videoaccept-sites-mx.assistirbesouroazulfilmecompletogratis1.mujs.com,10800,184.73.189.105,"{'name': 'mujs.com', 'ns': 'ns1.gandi.net', 'mailbox': 'hostmaster.gandi.net', 'serial': 1716422400, 'refresh': 10800, 'retry': 3600, 'expire': 604800, 'minttl': 10800}, {'name': 'mujs.com', 'ns': 'ns1.gandi.net', 'mailbox': 'hostmaster.gandi.net', 'serial': 1716422400, 'refresh': 10800, 'retry': 3600, 'expire': 604800, 'minttl': 10800}, {'name': 'mujs.com', 'ns': 'ns1.gandi.net', 'mailbox': 'hostmaster.gandi.net', 'serial': 1716422400, 'refresh': 10800, 'retry': 3600, 'expire': 604800, 'minttl': 10800}, {'name': 'mujs.com', 'ns': 'ns1.gandi.net', 'mailbox': 'hostmaster.gandi.net', 'serial': 1716422400, 'refresh': 10800, 'retry': 3600, 'expire': 604800, 'minttl': 10800}",NOERROR,,,,,,,,
,vkbot.kanaweb.mujs.com,10800,184.73.189.105,"{'name': 'mujs.com', 'ns': 'ns1.gandi.net', 'mailbox': 'hostmaster.gandi.net', 'serial': 1716422400, 'refresh': 10800, 'retry': 3600, 'expire': 604800, 'minttl': 10800}, {'name': 'mujs.com', 'ns': 'ns1.gandi.net', 'mailbox': 'hostmaster.gandi.net', 'serial': 1716422400, 'refresh': 10800, 'retry': 3600, 'expire': 604800, 'minttl': 10800}, {'name': 'mujs.com', 'ns': 'ns1.gandi.net', 'mailbox': 'hostmaster.gandi.net', 'serial': 1716422400, 'refresh': 10800, 'retry': 3600, 'expire': 604800, 'minttl': 10800}, {'name': 'mujs.com', 'ns': 'ns1.gandi.net', 'mailbox': 'hostmaster.gandi.net', 'serial': 1716422400, 'refresh': 10800, 'retry': 3600, 'expire': 604800, 'minttl': 10800}, {'name': 'mujs.com', 'ns': 'ns1.gandi.net', 'mailbox': 'hostmaster.gandi.net', 'serial': 1716422400, 'refresh': 10800, 'retry': 3600, 'expire': 604800, 'minttl': 10800}",NOERROR,,,,,,,,
,webmail.mujs.com,10800,217.70.178.6,"{'name': 'gandi.net', 'ns': 'dns0.gandi.net', 'mailbox': 'hostmaster.gandi.net', 'serial': 2024041500, 'refresh': 900, 'retry': 900, 'expire': 1209600, 'minttl': 1200}, {'name': 'gandi.net', 'ns': 'dns0.gandi.net', 'mailbox': 'hostmaster.gandi.net', 'serial': 2024041500, 'refresh': 900, 'retry': 900, 'expire': 1209600, 'minttl': 1200}, {'name': 'gandi.net', 'ns': 'dns0.gandi.net', 'mailbox': 'hostmaster.gandi.net', 'serial': 2024041500, 'refresh': 900, 'retry': 900, 'expire': 1209600, 'minttl': 1200}, {'name': 'gandi.net', 'ns': 'dns0.gandi.net', 'mailbox': 'hostmaster.gandi.net', 'serial': 2024041500, 'refresh': 900, 'retry': 900, 'expire': 1209600, 'minttl': 1200}, {'name': 'gandi.net', 'ns': 'dns0.gandi.net', 'mailbox': 'hostmaster.gandi.net', 'serial': 2024041500, 'refresh': 900, 'retry': 900, 'expire': 1209600, 'minttl': 1200}",NOERROR,,,,webmail.gandi.net,2001:4b98:e00::6,,,
,xeuoajvqc8.assistirbesouroazulfilmecompletogratis1.mujs.com,10800,184.73.189.105,"{'name': 'mujs.com', 'ns': 'ns1.gandi.net', 'mailbox': 'hostmaster.gandi.net', 'serial': 1716422400, 'refresh': 10800, 'retry': 3600, 'expire': 604800, 'minttl': 10800}, {'name': 'mujs.com', 'ns': 'ns1.gandi.net', 'mailbox': 'hostmaster.gandi.net', 'serial': 1716422400, 'refresh': 10800, 'retry': 3600, 'expire': 604800, 'minttl': 10800}, {'name': 'mujs.com', 'ns': 'ns1.gandi.net', 'mailbox': 'hostmaster.gandi.net', 'serial': 1716422400, 'refresh': 10800, 'retry': 3600, 'expire': 604800, 'minttl': 10800}, {'name': 'mujs.com', 'ns': 'ns1.gandi.net', 'mailbox': 'hostmaster.gandi.net', 'serial': 1716422400, 'refresh': 10800, 'retry': 3600, 'expire': 604800, 'minttl': 10800}, {'name': 'mujs.com', 'ns': 'ns1.gandi.net', 'mailbox': 'hostmaster.gandi.net', 'serial': 1716422400, 'refresh': 10800, 'retry': 3600, 'expire': 604800, 'minttl': 10800}, {'name': 'mujs.com', 'ns': 'ns1.gandi.net', 'mailbox': 'hostmaster.gandi.net', 'serial': 1716422400, 'refresh': 10800, 'retry': 3600, 'expire': 604800, 'minttl': 10800}, {'name': 'mujs.com', 'ns': 'ns1.gandi.net', 'mailbox': 'hostmaster.gandi.net', 'serial': 1716422400, 'refresh': 10800, 'retry': 3600, 'expire': 604800, 'minttl': 10800}",NOERROR,,,,,,,,
,zealousco.assistirbesouroazulfilmecompletogratis1.mujs.com,3576,,"{'name': 'mujs.com', 'ns': 'ns1.gandi.net', 'mailbox': 'hostmaster.gandi.net', 'serial': 1716422400, 'refresh': 10800, 'retry': 3600, 'expire': 604800, 'minttl': 10800}, {'name': 'mujs.com', 'ns': 'ns1.gandi.net', 'mailbox': 'hostmaster.gandi.net', 'serial': 1716422400, 'refresh': 10800, 'retry': 3600, 'expire': 604800, 'minttl': 10800}, {'name': 'mujs.com', 'ns': 'ns1.gandi.net', 'mailbox': 'hostmaster.gandi.net', 'serial': 1716422400, 'refresh': 10800, 'retry': 3600, 'expire': 604800, 'minttl': 10800}, {'name': 'mujs.com', 'ns': 'ns1.gandi.net', 'mailbox': 'hostmaster.gandi.net', 'serial': 1716422400, 'refresh': 10800, 'retry': 3600, 'expire': 604800, 'minttl': 10800}, {'name': 'mujs.com', 'ns': 'ns1.gandi.net', 'mailbox': 'hostmaster.gandi.net', 'serial': 1716422400, 'refresh': 10800, 'retry': 3600, 'expire': 604800, 'minttl': 10800}, {'name': 'mujs.com', 'ns': 'ns1.gandi.net', 'mailbox': 'hostmaster.gandi.net', 'serial': 1716422400, 'refresh': 10800, 'retry': 3600, 'expire': 604800, 'minttl': 10800}",NOERROR,,,,,,,,
,zmedia4.assistirbesouroazulfilmecompletogratis1.mujs.com,10800,184.73.189.105,"{'name': 'mujs.com', 'ns': 'ns1.gandi.net', 'mailbox': 'hostmaster.gandi.net', 'serial': 1716422400, 'refresh': 10800, 'retry': 3600, 'expire': 604800, 'minttl': 10800}, {'name': 'mujs.com', 'ns': 'ns1.gandi.net', 'mailbox': 'hostmaster.gandi.net', 'serial': 1716422400, 'refresh': 10800, 'retry': 3600, 'expire': 604800, 'minttl': 10800}, {'name': 'mujs.com', 'ns': 'ns1.gandi.net', 'mailbox': 'hostmaster.gandi.net', 'serial': 1716422400, 'refresh': 10800, 'retry': 3600, 'expire': 604800, 'minttl': 10800}, {'name': 'mujs.com', 'ns': 'ns1.gandi.net', 'mailbox': 'hostmaster.gandi.net', 'serial': 1716422400, 'refresh': 10800, 'retry': 3600, 'expire': 604800, 'minttl': 10800}, {'name': 'mujs.com', 'ns': 'ns1.gandi.net', 'mailbox': 'hostmaster.gandi.net', 'serial': 1716422400, 'refresh': 10800, 'retry': 3600, 'expire': 604800, 'minttl': 10800}",NOERROR,,,,,,,,
